#     date     Ta     ea     uu     Rs     T0
2010-03-01  12.46 680.60   1.32 207.88  12.46
2010-03-02  13.35 771.06   1.55 208.49  13.13
2010-03-03  14.76 685.35   3.02 223.98  12.71
2010-03-04  13.42 481.87   4.02 217.84  12.17
2010-03-05  11.70 395.56   1.27 238.98  12.87
2010-03-06  13.60 481.39   1.19 202.42  12.75
2010-03-07  12.72 782.40   1.87  95.61  11.76
2010-03-08   9.68 925.79   1.35 112.57  10.77
2010-03-09   9.31 743.92   3.48 143.91  10.75
2010-03-10   8.04 681.82   1.83 195.14  10.79
2010-03-11   8.34 538.61   2.37 247.48  12.44
2010-03-12   9.87 648.81   0.79 252.95  12.12
2010-03-13  13.79 703.87   3.69 219.86  12.82
2010-03-14   9.60 453.16   3.56 243.50  12.24
2010-03-15  12.30 685.82   2.30 256.87  13.58
2010-03-16  14.61 838.19   1.32 259.03  10.98
2010-03-17  16.13 818.89   1.30 261.69  15.25
2010-03-18  17.02 792.79   1.00 249.58  15.20
2010-03-19  16.59 580.60   4.01 271.29  13.96
2010-03-20  13.97 394.85   2.17 274.27  13.11
2010-03-21  14.50 419.97   1.14 270.20  11.92
2010-03-22  16.95 464.96   1.27 269.37  16.45
2010-03-23  16.72 402.19   3.78 280.41  13.25
2010-03-24  14.08 367.27   2.21 277.65  13.85
2010-03-25  16.32 270.37   3.30 269.34  14.12
2010-03-26  16.24 381.48   4.06 280.61  13.81
2010-03-27  14.85 348.30   4.01 289.62  14.11
2010-03-28  14.21 355.79   1.66 293.37  13.94
2010-03-29  16.71 340.05   1.35 288.75  14.72
2010-03-30  22.35 254.12   5.36 281.79  15.50
2010-03-31  19.69 491.34   5.31 182.03  14.18
2010-04-01  11.21 472.96   2.78 281.95  12.87
2010-04-02  12.30 453.68   1.30 282.35  13.54
2010-04-03  15.66 460.91   3.73 268.53  12.70
2010-04-04  17.31 414.99   4.24 286.83  14.19
2010-04-05  17.06 464.45   5.64 208.25  10.92
2010-04-06  12.22 351.48   2.81 304.36  14.00
2010-04-07  13.66 297.60   3.36 311.33  14.82
2010-04-08  15.08 330.02   1.56 311.77  15.31
2010-04-09  17.96 361.12   1.36 312.09  17.04
2010-04-10  21.08 352.58   3.60 302.47  14.49
2010-04-11  21.92 371.45   4.73 312.83  14.03
2010-04-12  18.28 551.88   5.00 196.77  13.55
2010-04-13  13.14 678.32   1.85 303.02  14.62
2010-04-14  15.55 628.95   1.00 318.01  15.89
2010-04-15  18.44 595.60   1.35 314.69  14.77
2010-04-16  21.56 522.98   2.10 288.18  19.47
2010-04-17  21.43 399.19   1.52 326.20  17.35
2010-04-18  22.68 471.07   1.23 318.92  19.83
2010-04-19  23.48 488.54   2.58 304.38  18.19
2010-04-20  23.39 850.41   4.37 284.79  16.56
2010-04-21  16.24 608.57   5.16 280.45  14.73
2010-04-22  11.31 612.39   2.69 195.75  15.38
2010-04-23  11.51 768.30   1.42 272.89  16.04
2010-04-24  17.58 805.62   1.30 332.88  17.52
2010-04-25  20.00 666.22   1.28 331.74  19.59
2010-04-26  22.52 604.41   1.52 332.24  19.43
2010-04-27  23.27 544.66   3.41 312.92  19.44
2010-04-28  23.85 508.90   6.62 331.24  17.83
2010-04-29  15.68 405.48   4.97 287.84  14.16
2010-04-30  13.60 386.88   3.33 301.87  16.21
2010-05-01  17.06 425.58   1.99 329.72  17.87
2010-05-02  19.25 349.82   4.25 325.38  16.56
2010-05-03  18.35 324.88   1.62 342.50  18.02
2010-05-04  23.59 332.77   2.13 344.04  19.77
2010-05-05  25.27 459.06   3.60 343.16  18.18
2010-05-06  23.77 380.73   4.28 345.11  17.12
2010-05-07  19.31 238.50   3.25 350.85  18.95
2010-05-08  22.48 359.30   2.49 349.91  19.86
2010-05-09  25.09 361.39   4.63 349.34  18.01
2010-05-10  18.60 526.33   4.63 335.28  16.01
2010-05-11  17.31 443.10   5.27 301.07  16.60
2010-05-12  18.00 540.97   1.51 336.82  17.26
2010-05-13  19.50 647.73   1.78 297.19  17.26
2010-05-14  21.29 600.31   2.18 347.04  19.79
2010-05-15  22.61 505.44   1.71 356.78  20.47
2010-05-16  24.69 480.95   1.42 354.56  22.89
2010-05-17  25.56 448.60   3.58 269.45  20.10
2010-05-18  21.80 741.68   3.34 317.56  19.21
2010-05-19  23.10 656.55   1.04 351.08  20.93
2010-05-20  25.39 711.45   1.59 355.56  22.73
2010-05-21  27.73 536.89   4.68 356.23  21.62
2010-05-22  23.73 329.96   5.58 367.70  20.25
2010-05-23  17.77 319.64   4.89 344.14  19.19
2010-05-24  15.06 487.82   2.19 349.96  18.33
2010-05-25  19.29 448.60   1.02 364.14  20.28
2010-05-26  23.21 459.58   3.69 347.07  18.90
2010-05-27  24.40 659.26   4.57 347.02  18.68
2010-05-28  22.89 709.26   4.10 353.70  18.80
2010-05-29  21.44 436.32   3.54 368.93  20.12
2010-05-30  23.92 395.00   2.23 372.17  22.44
2010-05-31  26.03 470.83   2.29 370.12  22.38
2010-06-01  28.77 468.21   4.92 341.92  18.36
2010-06-02  27.89 636.25   2.78 355.82  21.42
2010-06-03  29.35 855.61   3.09 349.74  18.83
2010-06-04  30.84 975.82   3.44 350.26  22.92
2010-06-05  32.43 1043.12   2.47 354.16  25.44
2010-06-06  34.53 1013.42   2.69 354.93  26.01
2010-06-07  35.21 1070.90   4.45 354.55  24.38
2010-06-08  33.83 818.91   3.18 353.35  23.55
2010-06-09  32.87 870.52   4.28 353.02  23.90
2010-06-10  31.47 739.49   5.24 360.02  23.69
2010-06-11  28.12 531.53   3.52 341.75  23.24
2010-06-12  23.44 839.59   2.63 337.62  22.31
2010-06-13  22.96 951.64   2.13 323.27  22.34
2010-06-14  25.95 903.17   1.87 353.97  24.62
2010-06-15  29.00 821.87   2.19 363.51  26.11
2010-06-16  31.08 558.60   5.48 367.67  23.88
2010-06-17  27.90 283.07   2.59 378.04  25.52
2010-06-18  29.11 453.17   3.26 374.78  25.16
2010-06-19  30.58 353.29   4.36 371.95  24.36
2010-06-20  29.65 354.17   3.70 374.46  24.42
2010-06-21  29.47 371.18   3.57 373.63  24.59
2010-06-22  29.33 434.33   2.22 371.56  26.16
2010-06-23  30.62 618.19   1.58 372.41  27.39
2010-06-24  32.07 503.49   3.03 373.43  27.36
2010-06-25  33.21 431.36   3.74 367.54  25.86
2010-06-26  32.14 499.24   2.21 365.53  27.88
2010-06-27  32.47 817.66   1.52 366.20  27.89
2010-06-28  34.44 830.25   1.68 353.62  29.13
2010-06-29  34.95 762.01   2.74 344.21  28.71
2010-06-30  35.12 642.88   3.10 359.71  28.11
2010-07-01  34.22 559.50   3.77 362.86  32.92
2010-07-02  34.19 589.80   3.72 366.04  28.57
2010-07-03  32.31 373.70   3.56 371.64  27.27
2010-07-04  31.82 650.19   2.87 362.47  27.38
2010-07-05  31.37 776.41   1.76 363.75  28.34
2010-07-06  32.49 748.67   3.06 362.34  27.71
2010-07-07  32.07 612.92   1.95 363.35  28.17
2010-07-08  33.51 834.35   1.94 335.38  28.49
2010-07-09  34.75 952.83   1.70 337.30  29.18
2010-07-10  35.94 1236.46   2.02 328.49  31.94
2010-07-11  36.16 1213.87   1.85 340.11  29.50
2010-07-12  36.10 1259.19   3.40 333.14  29.00
2010-07-13  36.04 1152.10   3.64 342.53  28.26
2010-07-14  35.30 886.08   2.59 353.92  31.35
2010-07-15  36.57 980.81   1.55 349.45  31.78
2010-07-16  37.88 1302.99   2.15 293.54  30.33
2010-07-17  37.45 1356.03   1.80 336.94  31.24
2010-07-18  37.50 1345.46   2.75 341.42  29.56
2010-07-19  38.21 1372.34   4.04 333.75  30.83
2010-07-20  37.64 1340.18   4.00 333.09  30.00
2010-07-21  36.66 1163.15   4.68 331.10  28.56
2010-07-22  35.18 1216.15   4.55 324.58  29.02
2010-07-23  34.51 1464.12   2.71 322.71  29.94
2010-07-24  35.13 1464.70   1.95 332.95  30.30
2010-07-25  35.75 1411.98   1.78 316.76  30.26
2010-07-26  36.69 1283.75   2.95 296.58  27.83
2010-07-27  35.16 1080.20   2.61 320.64  28.18
2010-07-28  33.46 1272.61   2.91 266.38  27.09
2010-07-29  34.20 1419.15   2.43 276.94  28.47
2010-07-30  33.98 1871.38   2.93 272.80  30.14
2010-07-31  33.21 1715.34   3.45 249.40  27.30
2010-08-01  31.89 1568.97   4.05 298.70  25.26
2010-08-02  31.59 1455.11   3.12 313.46  27.38
2010-08-03  33.82 1272.41   3.21 294.23  27.72
2010-08-04  34.97 1188.78   2.70 312.32  29.49
2010-08-05  35.78 897.49   2.86 317.60  29.70
2010-08-06  35.29 845.96   3.50 326.45  29.53
2010-08-07  33.53 864.34   3.89 315.37  27.99
2010-08-08  30.26 1320.99   2.71 283.92  27.45
2010-08-09  30.50 875.15   2.06 328.76  28.73
2010-08-10  32.41 729.14   3.20 333.17  28.45
2010-08-11  32.20 494.50   3.74 334.35  29.19
2010-08-12  31.36 383.10   2.35 341.22  28.77
2010-08-13  32.08 665.96   1.66 338.43  29.84
2010-08-14  32.74 662.98   2.10 330.26  29.12
2010-08-15  33.63 824.94   1.91 323.30  29.48
2010-08-16  35.44 1361.34   3.14 306.51  28.63
2010-08-17  34.78 1768.35   3.18 289.66  28.15
2010-08-18  34.04 1702.47   3.29 288.82  28.97
2010-08-19  33.46 1684.21   2.29 299.03  28.11
2010-08-20  33.87 1372.72   2.26 313.86  30.70
2010-08-21  34.89 1150.08   3.49 307.37  28.83
2010-08-22  35.02 1475.80   4.26 299.29  27.67
2010-08-23  33.55 1526.80   2.65 296.98  28.58
2010-08-24  33.31 956.99   3.03 297.95  28.51
2010-08-25  35.26 1384.60   1.46 296.58  29.94
2010-08-26  35.03 1427.12   1.54 287.37  29.68
2010-08-27  33.08 1525.20   3.76 281.72  28.74
2010-08-28  31.96 1452.81   6.18 294.18  26.34
2010-08-29  28.78 407.84   4.85 309.52  27.32
2010-08-30  26.56 628.45   2.99 308.21  26.24
2010-08-31  26.97 652.09   1.79 304.56  27.40
2010-09-01  28.75 847.15   1.26 302.66  27.62
2010-09-02  30.50 908.11   1.50 302.91  28.12
2010-09-03  32.43 927.82   1.35 299.41  29.37
2010-09-04  33.49 893.53   2.07 296.47  28.75
2010-09-05  33.63 701.39   3.54 294.86  28.57
2010-09-06  31.77 604.93   2.46 294.74  27.50
2010-09-07  28.98 1083.05   1.64 224.01  25.92
2010-09-08  28.92 764.85   3.25 294.86  26.19
2010-09-09  26.40 720.90   4.14 289.25  25.55
2010-09-10  24.89 666.66   1.22 287.55  25.93
2010-09-11  25.87 780.38   1.19 287.00  25.76
2010-09-12  27.93 823.33   0.99 276.21  26.59
2010-09-13  29.49 890.97   1.58 278.01  26.82
2010-09-14  30.91 827.50   2.98 273.91  27.72
2010-09-15  29.64 816.62   2.15 272.34  26.66
2010-09-16  29.16 781.01   1.54 275.42  27.16
2010-09-17  29.16 790.44   1.46 273.89  26.77
2010-09-18  29.60 658.89   1.89 275.10  27.06
2010-09-19  29.18 565.40   2.10 269.41  26.91
2010-09-20  31.86 595.12   2.66 265.54  26.70
2010-09-21  29.71 743.23   3.05 256.30  26.79
2010-09-22  28.65 1252.28   4.63 247.16  25.74
2010-09-23  25.81 679.29   1.68 261.46  26.27
2010-09-24  26.93 806.67   1.35 259.54  25.75
2010-09-25  28.49 805.77   1.80 259.82  26.36
2010-09-26  29.50 742.18   1.42 254.99  27.12
2010-09-27  30.89 1013.28   1.16 249.46  26.75
2010-09-28  31.20 1010.77   1.12 246.38  28.30
2010-09-29  29.77 1226.75   1.42 242.27  26.61
2010-09-30  30.48 1254.26   1.42 227.10  26.30
2010-10-01  30.25 878.09   1.36 224.41  23.31
2010-10-02  29.57 1142.82   1.14 227.82  26.66
2010-10-03  26.08 1324.87   2.18 188.32  24.75
2010-10-04  23.62 1658.71   2.02 162.80  24.86
2010-10-05  19.58 1518.02   2.25 192.89  23.55
2010-10-06  18.94 1391.23   1.22 182.62  23.07
2010-10-07  19.18 1225.63   1.93 209.55  22.84
2010-10-08  19.15 1067.83   1.28 226.52  23.37
2010-10-09  20.90 1191.71   1.51 223.46  23.94
2010-10-10  22.05 1086.71   2.07 219.23  22.38
2010-10-11  22.61 1172.92   1.20 216.55  23.95
2010-10-12  23.60 1247.90   1.93 215.24  24.15
2010-10-13  22.60 831.69   2.21 214.91  23.54
2010-10-14  23.85 848.08   1.12 210.59  24.25
2010-10-15  25.11 1042.85   0.92 206.40  23.44
2010-10-16  25.13 1033.53   0.91 208.36  24.49
2010-10-17  25.22 1124.06   1.98 168.60  22.94
2010-10-18  20.61 1433.91   1.68 171.03  21.38
2010-10-19  21.06 1462.64   1.75 184.21  20.82
2010-10-20  19.10 1400.81   1.70 157.87  22.82
2010-10-21  15.92 1372.38   0.94 139.76  21.40
2010-10-22  16.83 1336.17   2.29 157.49  19.20
2010-10-23  17.38 1285.87   2.69 151.46  20.43
2010-10-24  17.98 1205.96   2.95 170.13  19.41
2010-10-25  19.27 1109.94   4.48 129.31  18.39
2010-10-26  14.60 670.00   1.39 191.64  20.76
2010-10-27  13.72 506.73   3.26 194.81  21.18
2010-10-28  13.32 567.26   1.68 185.07  19.90
2010-10-29  16.52 858.10   0.72 170.01  19.30
2010-10-30  18.85 853.44   2.99 170.05  19.81
2010-10-31  16.27 803.52   1.32 173.58  19.62
2010-11-01  17.27 860.39   1.63 177.89  20.75
2010-11-02  18.08 739.34   1.79 175.82  20.29
2010-11-03  19.97 790.36   1.19 173.23  21.14
2010-11-04  20.05 1070.01   0.95 168.94  18.63
2010-11-05  19.78 1145.99   0.90 167.38  19.62
2010-11-06  20.08 929.39   1.82 149.69  20.35
2010-11-07  18.87 844.54   2.13 162.93  19.28
2010-11-08  18.05 693.58   4.57 129.35  18.75
2010-11-09  12.22 465.37   2.18 167.37  18.83
2010-11-10  10.49 432.85   1.50 160.27  19.07
2010-11-11  12.12 549.56   3.08 163.98  17.36
2010-11-12  10.59 503.15   2.41 162.54  18.63
2010-11-13  11.48 505.68   1.98 162.44  18.47
2010-11-14  13.06 488.21   2.93 156.46  18.04
2010-11-15  16.05 748.68   1.40 154.64  18.64
2010-11-16  16.20 684.54   1.07 154.47  18.18
2010-11-17  15.29 600.73   1.71 155.86  18.09
2010-11-18  13.49 637.90   0.76 153.66  17.30
2010-11-19  15.38 532.50   2.70 128.79  18.46
2010-11-20  17.33 640.69   5.36 108.05  17.45
2010-11-21  12.38 884.77   5.17  88.87  16.45
2010-11-22   8.93 542.24   2.90 149.27  16.64
2010-11-23   8.44 554.22   3.38 142.55  15.85
2010-11-24   9.35 559.94   3.62  78.29  16.73
2010-11-25   3.55 241.84   3.53 151.92  15.36
2010-11-26   2.64 343.46   1.80 146.63  15.87
2010-11-27   5.05 423.37   0.96 125.12  15.58
2010-11-28   9.50 405.07   3.61 130.80  15.14
2010-11-29   5.90 307.23   3.80 144.34  15.03
2010-11-30   3.12 323.83   1.94 139.61  14.00
2010-12-01   6.01 440.08   0.98 138.50  14.24
2010-12-02   7.83 546.70   0.75 133.85  14.88
2010-12-03  10.92 561.79   0.79 117.70  14.25
2010-12-04  11.19 648.68   0.79  95.29  13.50
2010-12-05  10.73 663.61   0.74 104.49  13.99
2010-12-06  12.28 861.08   1.15 123.99  14.48
2010-12-07  11.54 868.16   1.48 133.33  15.00
2010-12-08  10.30 714.17   0.98 105.63  15.73
2010-12-09  10.01 729.37   0.76 115.96  13.09
2010-12-10   9.66 760.45   0.87 116.83  13.23
2010-12-11  11.01 778.72   1.11 126.32  13.38
2010-12-12  13.56 715.58   1.11 129.83  14.37
2010-12-13  12.07 813.08   0.96 130.95  14.26
2010-12-14  11.86 729.71   1.28 121.17  15.23
2010-12-15  15.95 666.09   2.91  79.71  14.74
2010-12-16  11.98 796.80   1.23  60.31  14.24
2010-12-17   8.05 715.20   0.72  42.68  13.75
2010-12-18  11.02 939.91   3.09  45.41  13.54
2010-12-19  14.80 1082.39   5.05  52.28  13.32
2010-12-20  14.42 1129.72   4.55  20.30  13.11
2010-12-21  13.07 1108.72   4.40  19.48  12.90
2010-12-22  11.52 1101.58   1.47  16.28  12.68
2010-12-23  10.83 1093.09   1.51  62.51  12.47
2010-12-24   8.67 952.11   1.10 103.51  12.96
2010-12-25   9.33 904.25   0.87 116.29  11.48
2010-12-26  10.77 964.70   1.56 112.71   8.88
2010-12-27   7.96 776.56   1.76 110.33  12.92
2010-12-28   7.32 662.35   1.10 118.85  11.91
2010-12-29  10.00 742.39   4.51  41.38   9.16
2010-12-30   5.60 495.68   5.28 110.02  11.06
2010-12-31   0.40 264.81   2.78 137.18  11.75
2011-01-01  -1.27 331.64   1.20 120.71  11.20
2011-01-02  -0.28 378.49   1.27 124.21  10.92
2011-01-03   2.65 559.51   1.46 108.10  11.53
2011-01-04   3.25 600.28   1.23 125.22  12.15
2011-01-05   3.09 555.45   1.34 138.12  11.62
2011-01-06   4.36 570.98   1.12 137.93  12.29
2011-01-07   5.21 588.09   1.04 127.65  10.48
2011-01-08   6.14 617.32   0.51 133.71  11.79
2011-01-09   7.84 675.91   1.15 127.33  11.59
2011-01-10   5.76 489.52   2.73 143.07  11.58
2011-01-11   1.75 384.54   1.80  79.54  12.50
2011-01-12   4.86 498.80   1.56 137.90  11.29
2011-01-13   6.92 613.65   0.98 141.57  11.02
2011-01-14   9.40 709.39   1.23 142.82  11.50
2011-01-15  10.30 705.48   1.56 142.80  11.68
2011-01-16  10.51 804.69   0.91 137.53  10.65
2011-01-17  12.50 930.56   0.75 143.19  11.88
2011-01-18  12.77 935.78   1.10 147.22  13.25
2011-01-19  10.68 780.81   1.31 147.63  12.05
2011-01-20   9.27 521.92   3.46 153.37  12.78
2011-01-21   7.11 524.62   1.20 152.14  12.02
2011-01-22   9.31 673.44   0.96 149.70  12.58
2011-01-23   9.57 511.46   2.85 159.07  12.20
2011-01-24   7.89 562.00   1.32 150.15  11.99
2011-01-25   8.88 574.65   1.06 157.24  12.08
2011-01-26   9.67 562.21   2.45 161.20  11.73
2011-01-27   8.92 589.02   1.63 163.07  12.90
2011-01-28   9.14 616.87   0.74 163.14  12.87
2011-01-29   9.32 633.49   0.88 164.76  12.74
2011-01-30  12.29 493.73   3.44 126.77  10.44
2011-01-31  10.75 654.74   2.21 164.02  11.47
2011-02-01   8.05 441.05   3.05 169.93  10.49
2011-02-02  -0.49 154.70   4.99 181.70  10.62
2011-02-03  -0.03 200.12   2.09 178.04  11.39
2011-02-04   5.00 354.31   1.51 172.44  10.57
2011-02-05  10.79 587.83   0.98 171.06  10.58
2011-02-06  12.26 543.97   2.07 173.53  10.59
2011-02-07  11.29 558.68   1.27 174.80  12.66
2011-02-08  12.17 452.81   4.24 186.62  11.91
2011-02-09   7.56 343.11   3.10 190.39  11.90
2011-02-10   6.43 335.74   2.35 192.90  11.89
2011-02-11   7.43 374.32   1.36 192.81  11.77
2011-02-12   9.81 451.96   1.06 192.16  12.98
2011-02-13  10.64 530.48   0.99 186.02  12.59
2011-02-14  11.64 453.46   2.03 186.97  12.29
2011-02-15  13.33 375.54   2.26 181.36  10.75
2011-02-16  15.94 490.81   4.41 167.47  11.92
2011-02-17  12.27 470.03   4.76 200.43  12.23
2011-02-18  12.12 405.33   2.85 176.93  11.93
2011-02-19  11.59 708.00   4.29  98.76  11.28
2011-02-20   6.89 766.59   2.33  99.19  10.62
2011-02-21   5.93 677.78   1.76 167.73   9.97
2011-02-22   7.97 660.45   1.07 204.42  11.19
2011-02-23   9.37 631.43   1.35 204.50  12.29
2011-02-24  10.37 673.67   2.77 211.65  11.42
2011-02-25  11.97 622.79   5.48 190.65  10.54
2011-02-26  10.33 663.94   4.81  58.96  11.71
2011-02-27   5.96 643.34   1.71 150.29  10.08
2011-02-28   7.27 628.47   1.68 221.76  12.12
2011-03-01   9.58 735.52   1.08 207.05  10.40
2011-03-02  11.87 747.83   1.23 198.52  10.87
2011-03-03  16.08 746.55   2.39 219.79  12.00
2011-03-04  14.26 751.85   2.15 236.22  12.92
2011-03-05  12.53 581.27   1.18 231.48  10.44
2011-03-06  14.00 610.50   1.43 206.96  13.48
2011-03-07  15.12 823.83   2.73 193.26  11.80
2011-03-08  11.78 434.40   3.48 238.95  11.01
2011-03-09  11.88 508.76   1.19 242.65  13.49
2011-03-10  15.07 680.61   0.98 230.05  12.30
2011-03-11  17.78 531.81   2.23 250.37  14.88
2011-03-12  18.91 469.97   2.62 246.68  14.06
2011-03-13  17.78 603.31   1.32 250.90  13.50
2011-03-14  17.67 584.77   1.04 240.89  13.74
2011-03-15  18.18 650.27   1.07 248.97  12.24
2011-03-16  20.67 581.69   3.64 219.76  16.68
2011-03-17  19.04 521.09   3.09 166.56  15.30
2011-03-18  14.02 425.90   1.82 251.93  13.91
2011-03-19  15.98 281.37   4.40 174.05  12.63
2011-03-20  15.16 412.92   3.65 109.30  11.84
2011-03-21  13.98 490.31   4.77 201.12  11.37
2011-03-22   9.89 633.96   2.17 242.40  11.94
2011-03-23  11.31 619.14   1.43 272.30  14.65
2011-03-24  13.12 537.39   4.55 270.61  11.17
2011-03-25  13.68 501.99   4.51 209.45  12.04
2011-03-26  13.52 643.30   3.18 205.08  10.42
2011-03-27  14.17 740.38   2.27 277.79  13.02
2011-03-28  16.90 603.36   2.43 281.63  14.19
2011-03-29  16.65 438.05   2.25 286.74  14.61
2011-03-30  17.69 438.49   2.18 282.97  14.38
2011-03-31  21.56 654.11   1.87 287.22  16.39
2011-04-01  22.47 554.90   1.39 294.30  19.19
2011-04-02  25.36 412.78   3.26 281.02  15.94
2011-04-03  22.85 615.39   4.59 252.52  16.45
2011-04-04  14.72 283.95   4.10 301.21  15.53
2011-04-05  17.27 265.68   1.52 305.05  16.40
2011-04-06  20.90 353.84   2.87 173.04  15.24
2011-04-07  16.79 774.43   5.05 237.36  13.62
2011-04-08  11.55 554.20   5.12 186.04  13.47
2011-04-09   7.70 611.40   2.63 244.76  13.31
2011-04-10   9.68 608.32   2.07 301.76  14.45
2011-04-11  13.69 667.13   1.32 280.17  13.82
2011-04-12  17.44 618.98   1.04 309.52  15.38
2011-04-13  19.71 481.91   3.88 315.22  14.44
2011-04-14  15.83 274.83   3.84 319.90  13.96
2011-04-15  16.36 295.44   1.66 317.14  15.67
2011-04-16  20.63 400.40   1.35 313.18  15.90
2011-04-17  23.88 587.39   1.46 315.30  18.12
2011-04-18  25.73 629.67   4.80 250.61  15.09
2011-04-19  22.41 755.37   1.86 317.44  18.31
2011-04-20  22.89 605.90   3.65 314.69  17.81
2011-04-21  23.10 587.44   5.32 327.57  16.46
2011-04-22  20.86 454.67   2.54 326.32  17.89
2011-04-23  20.73 540.11   1.74 321.04  16.88
2011-04-24  20.79 754.34   2.51 316.31  18.13
2011-04-25  20.27 541.09   2.69 329.50  18.23
2011-04-26  20.51 480.75   4.57 338.39  18.45
2011-04-27  17.42 291.34   3.18 336.84  17.80
2011-04-28  19.62 394.22   1.99 332.43  17.91
2011-04-29  22.29 444.92   4.72 340.76  17.99
2011-04-30  14.28 229.14   5.37 351.40  16.08
2011-05-01  15.56 267.57   4.01 349.12  17.06
2011-05-02  17.15 268.78   2.10 350.00  16.94
2011-05-03  19.68 327.61   1.28 350.71  19.69
2011-05-04  22.95 348.08   2.23 346.45  19.61
2011-05-05  22.87 367.41   2.05 351.74  20.52
2011-05-06  25.33 388.66   1.86 350.02  21.47
2011-05-07  28.04 405.31   4.14 350.16  20.00
2011-05-08  26.63 522.19   6.19 310.09  19.61
2011-05-09  17.59 742.52   4.24 259.71  16.05
2011-05-10  14.09 810.84   2.05 325.36  18.52
2011-05-11  19.35 720.54   1.35 341.24  18.61
2011-05-12  22.93 691.91   1.20 346.69  22.39
2011-05-13  25.44 654.81   1.27 340.45  22.13
2011-05-14  27.21 593.35   3.22 327.84  21.56
2011-05-15  24.06 518.49   5.21 347.18  19.66
2011-05-16  17.84 446.77   3.38 329.22  18.39
2011-05-17  18.48 539.57   4.60 283.20  18.39
2011-05-18  17.66 711.97   5.04 240.54  18.39
2011-05-19  15.73 790.26   1.79 340.94  18.39
2011-05-20  19.95 874.51   1.38 332.93  19.33
2011-05-21  22.97 851.40   1.19 328.09  19.90
2011-05-22  25.63 672.96   3.74 316.98  17.64
2011-05-23  25.07 594.24   4.41 348.73  19.03
2011-05-24  22.75 449.06   2.45 348.00  20.20
2011-05-25  24.12 558.00   1.72 360.16  22.18
2011-05-26  27.05 504.59   4.41 356.12  21.29
2011-05-27  26.37 563.59   2.25 354.51  22.18
2011-05-28  27.95 690.93   4.89 355.69  22.22
2011-05-29  21.89 570.04   6.52 346.18  19.08
2011-05-30  17.47 512.94   1.55 364.64  19.29
2011-05-31  22.34 419.47   2.07 369.14  20.86
2011-06-01  26.65 264.78   4.31 305.40  18.04
2011-06-02  22.24 321.43   2.63 358.95  21.11
2011-06-03  22.81 368.42   1.71 373.31  20.53
2011-06-04  25.69 394.93   2.74 368.02  21.24
2011-06-05  27.33 350.84   3.84 368.70  21.99
2011-06-06  25.76 474.60   4.60 366.42  21.21
2011-06-07  24.63 504.77   1.48 367.51  22.34
2011-06-08  26.06 527.09   2.65 366.88  22.35
2011-06-09  26.88 636.01   1.34 366.18  24.87
2011-06-10  28.50 712.47   1.95 364.02  25.06
2011-06-11  29.22 461.49   4.33 363.97  23.44
2011-06-12  28.32 476.10   4.04 352.85  20.79
2011-06-13  28.73 512.86   2.85 350.94  23.65
2011-06-14  30.20 799.74   1.93 359.51  25.98
2011-06-15  31.90 827.95   1.90 362.38  27.69
2011-06-16  33.45 733.34   4.71 359.26  24.62
2011-06-17  30.52 673.91   2.85 317.07  24.80
2011-06-18  30.29 651.79   2.61 359.69  25.67
2011-06-19  30.62 633.90   4.06 354.98  23.22
2011-06-20  26.74 603.48   2.38 367.64  25.40
2011-06-21  29.15 759.99   1.83 367.28  26.09
2011-06-22  32.12 678.77   1.39 369.51  28.69
2011-06-23  35.33 683.97   3.68 366.73  27.04
2011-06-24  34.82 542.35   4.55 370.84  26.21
2011-06-25  33.08 462.25   3.80 373.90  27.21
2011-06-26  33.02 398.27   3.01 374.17  27.41
2011-06-27  33.02 509.33   2.53 371.86  29.35
2011-06-28  35.34 615.91   4.09 360.76  26.41
2011-06-29  34.75 781.89   5.09 350.08  26.78
2011-06-30  28.89 730.41   3.34 364.03  25.26
2011-07-01  30.94 838.76   1.55 367.38  27.58
2011-07-02  33.75 886.62   1.24 365.94  28.38
2011-07-03  35.68 959.53   1.99 335.42  28.67
2011-07-04  32.85 1488.23   2.21 271.73  26.12
2011-07-05  32.72 1628.93   1.19 297.39  26.81
2011-07-06  31.17 1887.23   1.06 318.92  27.39
2011-07-07  32.53 1798.94   1.40 330.33  26.52
2011-07-08  33.08 1674.09   1.99 315.67  27.59
2011-07-09  32.07 1729.19   1.54 316.60  28.59
2011-07-10  33.09 1343.17   2.38 314.30  27.85
2011-07-11  32.49 1259.09   3.65 297.62  26.49
2011-07-12  32.46 1067.99   3.60 295.64  27.13
2011-07-13  31.33 703.17   3.52 354.68  28.18
2011-07-14  30.57 617.81   3.77 361.12  26.78
2011-07-15  29.96 689.76   3.38 358.67  27.25
2011-07-16  30.54 727.70   2.99 359.91  27.35
2011-07-17  31.32 732.73   2.05 356.11  28.35
2011-07-18  34.26 688.86   2.43 308.94  26.21
2011-07-19  35.13 1116.62   3.45 333.79  26.84
2011-07-20  35.44 950.54   3.22 351.76  29.37
2011-07-21  34.00 647.07   2.81 361.98  28.52
2011-07-22  32.89 474.33   3.57 365.17  29.13
2011-07-23  33.30 879.70   2.78 344.40  28.02
2011-07-24  34.33 1492.74   2.49 302.31  29.09
2011-07-25  34.00 1569.47   2.85 312.25  27.06
2011-07-26  33.83 1585.41   3.21 277.50  26.50
2011-07-27  33.46 1419.25   2.33 326.57  28.57
2011-07-28  33.96 1245.32   1.93 326.40  28.95
2011-07-29  35.33 1409.17   1.48 282.02  29.14
2011-07-30  34.53 1508.54   1.00 306.24  29.01
2011-07-31  31.95 1765.67   1.58 195.54  27.93
2011-08-01  29.19 1875.60   1.42 312.18  27.12
2011-08-02  34.59 1503.67   1.12 313.73  30.61
2011-08-03  35.57 1432.71   2.03 294.00  28.79
2011-08-04  34.94 1072.75   2.89 329.36  29.98
2011-08-05  34.04 599.31   3.03 346.76  30.66
2011-08-06  32.56 428.14   3.10 349.46  29.23
2011-08-07  32.80 457.08   3.24 348.00  29.88
2011-08-08  33.27 782.43   3.01 343.73  29.35
2011-08-09  33.35 688.14   3.06 338.84  29.74
2011-08-10  33.87 884.82   3.38 332.04  28.76
2011-08-11  33.59 916.10   3.72 328.78  28.15
2011-08-12  32.84 1197.63   2.25 320.90  28.85
2011-08-13  32.92 1300.85   2.26 223.01  29.64
2011-08-14  31.90 1631.11   1.38 294.07  29.21
2011-08-15  34.70 1136.79   3.28 317.95  29.01
2011-08-16  33.92 807.47   2.95 326.85  29.89
2011-08-17  33.74 920.15   1.95 317.08  28.25
2011-08-18  35.54 1201.98   2.30 311.36  29.48
2011-08-19  34.34 1334.79   4.09 298.89  27.87
2011-08-20  33.60 1213.95   3.13 306.52  28.37
2011-08-21  32.75 854.26   2.59 312.82  29.45
2011-08-22  34.15 1134.89   1.79 309.09  29.00
2011-08-23  34.85 1140.86   1.46 307.99  30.69
2011-08-24  35.45 1180.34   1.30 304.32  29.86
2011-08-25  36.83 1181.87   1.35 301.20  31.00
2011-08-26  36.22 1228.20   1.43 266.43  30.38
2011-08-27  35.67 1573.89   1.24 280.64  30.58
2011-08-28  35.28 1467.28   1.27 287.03  29.50
2011-08-29  34.90 1407.26   1.87 285.80  30.25
2011-08-30  35.25 1225.12   2.82 297.10  31.54
2011-08-31  34.50 777.30   3.88 302.14  30.11
2011-09-01  33.16 505.83   3.52 301.91  30.13
2011-09-02  32.07 634.40   1.68 301.27  29.48
2011-09-03  32.13 928.28   1.56 293.82  29.19
2011-09-04  33.26 1070.54   1.36 290.17  29.27
2011-09-05  31.99 1297.25   1.42 145.49  30.21
2011-09-06  28.71 1562.66   1.91 265.78  28.28
2011-09-07  31.07 1163.70   1.72 287.76  28.23
2011-09-08  31.88 929.32   1.51 262.82  30.07
2011-09-09  31.11 1064.82   1.64 262.75  28.52
2011-09-10  27.53 1335.03   2.07 216.84  29.37
2011-09-11  27.02 1254.73   2.10 228.19  24.60
2011-09-12  24.89 1710.95   1.99 251.00  26.13
2011-09-13  24.88 1676.31   2.07 155.95  27.38
2011-09-14  21.11 1645.82   1.10 193.20  24.38
2011-09-15  22.30 1645.59   1.04 257.23  26.10
2011-09-16  25.70 1446.77   2.38 255.71  25.41
2011-09-17  27.07 1096.99   2.81 257.52  25.82
2011-09-18  26.71 1142.15   1.36 264.63  26.24
2011-09-19  28.56 1123.31   1.15 263.93  27.19
2011-09-20  29.33 1116.61   1.18 264.20  27.42
2011-09-21  29.66 965.34   1.10 262.96  27.22
2011-09-22  29.53 883.34   1.52 261.99  28.04
2011-09-23  30.09 830.77   1.38 260.82  27.12
2011-09-24  29.41 887.08   1.43 240.97  26.88
2011-09-25  29.12 988.30   1.32 247.41  26.75
2011-09-26  28.09 883.27   1.82 252.45  27.27
2011-09-27  27.99 964.71   1.24 250.23  26.60
2011-09-28  28.99 1018.45   1.28 248.24  27.23
2011-09-29  29.68 889.23   1.34 246.29  27.62
2011-09-30  29.15 1042.30   1.64 214.78  26.53
2011-10-01  28.04 1232.26   1.87 228.29  26.29
2011-10-02  27.89 1166.04   1.39 230.43  25.54
2011-10-03  27.93 1123.09   2.43 192.69  25.58
2011-10-04  22.78 1339.50   1.18 116.04  21.58
2011-10-05  18.77 1305.39   3.97 134.14  24.31
2011-10-06  14.94 933.87   2.55 206.12  22.41
2011-10-07  14.31 846.07   1.55 230.25  21.67
2011-10-08  16.33 842.17   1.35 222.45  22.53
2011-10-09  16.90 944.51   1.50 223.53  22.01
2011-10-10  17.95 1017.67   1.00 207.90  22.99
2011-10-11  19.36 1086.68   1.07 211.45  21.92
2011-10-12  21.61 1070.17   1.78 220.30  23.25
2011-10-13  22.59 724.22   1.20 217.83  22.93
2011-10-14  22.85 992.96   1.04 209.03  22.24
2011-10-15  24.18 1104.98   0.88 210.50  23.28
2011-10-16  24.98 877.62   1.46 209.67  23.25
2011-10-17  25.73 960.69   1.90 207.98  23.66
2011-10-18  21.35 526.21   2.26 210.43  22.46
2011-10-19  21.94 620.56   1.00 208.42  23.19
2011-10-20  20.63 843.56   1.19 206.27  22.28
2011-10-21  21.72 843.67   1.14 202.62  22.50
2011-10-22  21.54 881.52   1.30 200.71  22.45
2011-10-23  21.69 769.26   1.20 199.48  22.55
2011-10-24  22.09 798.33   1.74 188.70  23.19
2011-10-25  24.82 761.42   3.25 187.14  21.28
2011-10-26  18.88 642.99   4.52 185.65  21.43
2011-10-27  13.43 360.56   3.36 193.91  20.72
2011-10-28  14.79 511.84   1.46 189.32  20.87
2011-10-29  16.70 659.30   1.06 188.03  20.28
2011-10-30  17.56 683.86   1.18 185.12  20.64
2011-10-31  18.72 768.46   0.98 183.44  20.81
2011-11-01  18.60 703.89   1.83 181.44  20.17
2011-11-02  14.28 350.47   4.80 185.53  19.69
2011-11-03  12.37 415.91   1.36 175.04  18.10
2011-11-04  16.20 441.25   4.13 152.80  19.56
2011-11-05   9.06 692.79   2.26 170.56  17.75
2011-11-06   9.40 653.45   2.81 121.82  19.19
2011-11-07   8.88 763.17   2.06 156.69  16.55
2011-11-08   9.66 622.61   1.62 170.73  17.67
2011-11-09   8.98 637.12   1.93 169.63  17.89
2011-11-10  10.61 665.40   1.54 150.26  14.98
2011-11-11  12.07 774.02   0.64 105.51  15.30
2011-11-12  13.51 799.71   1.18 134.01  15.62
2011-11-13  13.57 957.76   1.03 104.67  16.88
2011-11-14  13.17 1085.67   1.19 133.89  16.87
2011-11-15  13.15 1067.72   1.00 141.20  17.50
2011-11-16  13.20 850.46   1.46 154.12  16.93
2011-11-17  11.64 730.50   0.79 153.87  16.76
2011-11-18  14.30 649.34   2.69 151.06  16.43
2011-11-19  15.15 691.50   4.88 141.43  15.03
2011-11-20  13.05 724.68   3.02 114.11  17.62
2011-11-21  13.33 907.42   1.40 110.86  14.47
2011-11-22  11.01 880.07   0.88 137.86  15.58
2011-11-23  11.90 856.78   0.79 143.46  14.92
2011-11-24  13.31 764.41   1.43 133.71  16.50
2011-11-25  13.38 773.35   0.83 143.81  16.68
2011-11-26  13.53 522.38   2.21 144.31  16.53
2011-11-27  11.42 372.44   1.22 142.90  17.18
2011-11-28  11.39 573.45   0.80 130.75  16.49
2011-11-29  12.29 592.29   1.07 141.17  15.78
2011-11-30  11.81 576.93   1.18 139.27  15.98
2011-12-01  10.71 513.79   4.96  91.17  15.01
2011-12-02   9.19 613.49   1.89  88.05  14.44
2011-12-03   7.82 575.87   2.82 121.18  13.63
2011-12-04   5.99 390.17   2.34 137.32  15.05
2011-12-05   6.44 424.99   3.09 138.07  14.06
2011-12-06   2.83 292.73   2.26 138.05  14.81
2011-12-07   4.24 369.71   1.04 134.43  14.18
2011-12-08   6.39 485.04   0.94 133.98  14.74
2011-12-09   7.01 513.32   1.12 134.56  14.77
2011-12-10   7.12 499.18   0.98 134.08  14.40
2011-12-11   7.77 548.47   0.95 125.73  15.16
2011-12-12   8.52 662.74   1.27  58.85  13.93
2011-12-13   7.88 841.12   1.22  96.35  12.69
2011-12-14   7.65 813.99   0.82  99.02  13.24
2011-12-15   6.01 699.27   1.24  90.47  15.18
2011-12-16   7.48 602.11   2.45 129.33  13.52
2011-12-17   8.03 518.03   2.47 121.91  13.41
2011-12-18   9.33 721.68   0.92 114.94  11.96
2011-12-19   7.67 810.08   0.86 111.25  13.24
2011-12-20   6.64 593.14   1.19 116.11  13.74
2011-12-21   7.15 571.62   0.62 129.02  13.40
2011-12-22   6.76 430.38   3.06 132.62  13.82
2011-12-23   5.17 280.48   3.06 133.95  13.11
2011-12-24   6.19 344.87   1.58 132.79  13.50
2011-12-25   6.70 396.03   0.99 132.52  13.30
2011-12-26   6.50 494.20   0.87 126.51  13.19
2011-12-27   6.37 519.97   0.76 130.16  13.30
2011-12-28   7.16 494.76   0.96 128.08  12.49
2011-12-29   9.23 550.42   0.79 125.94  12.30
2011-12-30  10.70 610.80   0.88 128.68  12.21
2011-12-31  10.94 583.81   1.23 130.95  12.92
2012-01-01   8.97 426.61   1.60 133.55  12.82
2012-01-02   9.94 408.65   1.03 135.33  13.53
2012-01-03  10.94 525.96   1.06 132.77  13.24
2012-01-04  10.72 518.22   0.92 135.52  11.60
2012-01-05  10.52 537.47   0.87 135.16  13.58
2012-01-06   9.72 567.50   0.82 136.16  12.93
2012-01-07   9.82 536.39   1.76 137.94  13.11
2012-01-08   9.31 426.34   4.32 140.63  12.63
2012-01-09   7.92 430.75   1.86 135.38  12.74
2012-01-10   7.77 576.75   0.72 139.07  12.72
2012-01-11   8.90 610.19   1.43 143.26  12.38
2012-01-12   6.78 319.84   2.69 144.63  13.23
2012-01-13   6.39 293.92   1.58 147.97  12.73
2012-01-14   7.04 373.62   0.90 148.49  12.49
2012-01-15   8.25 351.69   1.66 137.37  12.02
2012-01-16  12.69 449.87   5.11 143.22  12.71
2012-01-17   7.26 327.48   1.48 149.19  12.25
2012-01-18   6.15 395.92   0.78 146.98   9.34
2012-01-19   7.87 442.22   0.68 145.98  10.32
2012-01-20  10.38 451.74   0.78 146.37   9.64
2012-01-21  13.06 501.82   4.44  86.91   8.75
2012-01-22  10.36 448.81   1.90 119.83  12.22
2012-01-23   8.87 496.62   1.89  60.11  11.99
2012-01-24   7.32 701.45   2.37 150.07  11.10
2012-01-25   9.38 538.68   2.46 156.69  12.67
2012-01-26  10.72 696.10   1.11 155.01  12.04
2012-01-27  12.91 668.04   2.34 156.89  11.63
2012-01-28   8.46 300.47   3.24 168.38  12.46
2012-01-29   8.56 320.32   1.35 158.53   9.35
2012-01-30   9.21 412.11   0.86 166.41  11.74
2012-01-31  11.00 461.70   1.07 162.86  11.48
2012-02-01  10.95 449.42   1.56 156.71  12.49
2012-02-02  12.71 401.85   3.01 169.28  11.75
2012-02-03   9.80 452.24   2.75 173.55  12.28
2012-02-04   9.23 463.35   1.72 175.14  12.43
2012-02-05   9.64 457.91   2.01 178.18  12.27
2012-02-06  10.00 442.66   1.54 180.62  12.20
2012-02-07   9.80 373.18   1.74 136.39  11.76
2012-02-08  12.70 418.49   1.60 170.59  11.33
2012-02-09  13.51 484.62   1.34 181.83  12.93
2012-02-10  13.27 515.21   0.74 186.46  13.34
2012-02-11  16.20 462.57   2.67 184.65  13.15
2012-02-12  13.80 599.97   2.23 172.57  11.67
2012-02-13  12.55 623.50   3.72 147.84   9.90
2012-02-14   8.32 652.48   2.45 131.65   9.89
2012-02-15   8.16 645.18   3.38 166.18  12.12
2012-02-16   8.56 754.28   2.85 187.37  11.79
2012-02-17   9.48 615.98   2.41 202.35  12.79
2012-02-18   9.35 674.60   0.91 202.96  10.29
2012-02-19  12.32 630.81   1.83 194.10  11.08
2012-02-20   7.71 424.78   1.56 205.08  10.84
2012-02-21   9.21 525.13   1.08 205.07  12.00
2012-02-22  12.57 617.35   1.02 205.22  11.69
2012-02-23  14.18 652.56   1.90 208.32  10.46
2012-02-24  11.48 415.52   2.75 217.52  13.76
2012-02-25  12.31 373.20   1.06 221.53  13.32
2012-02-26  13.17 281.75   2.43 224.72  13.01
2012-02-27  11.41 393.89   2.61 189.77  10.86
2012-02-28  10.47 548.68   4.18 174.40  10.61
2012-02-29  10.37 473.67   4.00 216.52  11.80
2012-03-01  12.55 507.90   3.40 210.93  11.71
2012-03-02   9.76 305.70   3.97 236.75  12.62
2012-03-03   8.64 234.35   2.34 236.61  12.37
2012-03-04  12.66 338.86   1.40 238.77  13.72
2012-03-05  14.73 426.62   0.92 232.93  12.69
2012-03-06  19.00 318.47   4.84 229.26  12.78
2012-03-07   8.74 312.75   5.31 220.72  10.21
2012-03-08  10.80 337.93   3.61 244.45  11.20
2012-03-09  12.14 384.97   1.89 251.80  14.13
2012-03-10  14.42 397.02   1.34 252.70  13.88
2012-03-11  16.82 350.63   3.88 254.33  12.63
2012-03-12  18.77 263.62   4.60 249.81  12.83
2012-03-13  18.20 292.94   3.88 255.83  13.03
2012-03-14  18.32 359.15   3.56 256.62  14.98
2012-03-15  18.20 379.25   2.06 258.08  13.80
2012-03-16  19.90 449.09   3.41 253.25  13.85
2012-03-17  19.72 660.08   5.75 158.96  11.46
2012-03-18   9.67 647.35   5.04 216.65   9.07
2012-03-19   7.32 534.19   2.86 242.90  11.83
2012-03-20   8.93 547.35   1.66 267.19  13.02
2012-03-21  12.17 627.24   1.19 271.14  13.86
2012-03-22  16.07 761.71   1.07 271.74  15.51
2012-03-23  20.60 568.15   3.53 271.54  15.17
2012-03-24  20.16 514.92   3.26 243.86  14.61
2012-03-25  21.07 442.66   3.93 246.84  14.06
2012-03-26  15.49 554.87   4.93 281.39  12.62
2012-03-27  15.60 463.06   1.75 276.36  14.10
2012-03-28  19.09 352.03   3.41 268.01  11.90
2012-03-29  19.24 483.58   1.59 270.21  13.67
2012-03-30  19.90 537.96   1.03 268.55  16.20
2012-03-31  23.21 532.76   4.06 283.08  14.97
2012-04-01  17.66 484.84   4.95 271.78  13.70
2012-04-02  14.56 258.07   5.03 297.71  14.01
2012-04-03  14.70 307.99   2.42 302.12  15.48
2012-04-04  18.66 371.93   3.29 289.82  15.05
2012-04-05  20.92 377.14   5.07 270.59  13.57
2012-04-06  14.80 277.02   3.77 315.16  14.37
2012-04-07  13.96 277.67   1.72 317.87  14.52
2012-04-08  18.28 275.40   1.08 314.40  15.63
2012-04-09  21.15 303.65   1.19 308.17  17.56
2012-04-10  23.39 336.35   3.21 312.35  17.85
2012-04-11  21.06 585.70   5.43 271.91  16.64
2012-04-12  15.52 548.81   4.13 310.96  14.12
2012-04-13  16.31 436.24   4.31 218.80  14.52
2012-04-14  10.41 650.70   4.00 201.62  14.42
2012-04-15  12.44 824.77   1.38 305.80  14.31
2012-04-16  16.78 890.26   1.18 318.38  15.84
2012-04-17  19.27 868.28   1.32 315.48  18.68
2012-04-18  22.65 703.54   2.34 317.01  17.54
2012-04-19  24.99 553.92   1.89 319.15  18.46
2012-04-20  25.11 614.80   1.85 322.82  20.50
2012-04-21  25.73 624.95   1.50 324.81  22.25
2012-04-22  27.74 619.77   1.24 327.23  23.75
2012-04-23  28.53 546.59   2.03 315.98  23.25
2012-04-24  26.63 637.46   3.24 317.66  21.31
2012-04-25  26.24 642.19   2.50 165.77  20.78
2012-04-26  22.53 826.33   3.90 215.45  20.25
2012-04-27  19.90 846.78   2.78 301.67  18.02
2012-04-28  21.90 366.89   2.45 337.51  20.50
2012-04-29  21.66 458.20   1.85 340.58  19.55
2012-04-30  23.19 473.87   1.87 342.20  20.87
2012-05-01  26.59 531.90   4.77 332.11  18.22
2012-05-02  25.21 675.94   4.73 319.14  17.57
2012-05-03  24.75 669.03   4.80 334.70  20.32
2012-05-04  25.52 523.18   5.11 344.79  19.61
2012-05-05  24.45 455.84   2.87 349.25  19.11
2012-05-06  22.60 360.45   2.51 353.35  19.91
2012-05-07  21.91 274.29   3.72 356.59  18.75
2012-05-08  22.44 387.74   2.17 334.09  19.43
2012-05-09  25.96 461.83   1.80 340.97  22.24
2012-05-10  26.75 580.69   2.91 348.04  21.50
2012-05-11  28.28 518.28   2.45 353.79  21.68
2012-05-12  27.66 497.52   1.42 352.59  24.11
2012-05-13  28.78 506.96   2.01 361.29  23.43
2012-05-14  28.07 315.24   1.38 363.97  24.25
2012-05-15  30.49 389.64   3.68 357.88  23.71
2012-05-16  29.37 330.90   2.29 358.86  23.79
2012-05-17  30.93 531.87   3.73 356.20  22.35
2012-05-18  28.98 477.71   4.49 358.14  21.24
2012-05-19  25.94 541.99   2.22 359.95  23.14
2012-05-20  26.53 487.70   1.63 360.90  24.35
2012-05-21  29.25 525.22   1.47 361.65  26.92
2012-05-22  32.11 476.86   3.09 361.33  25.13
2012-05-23  31.68 458.39   3.01 360.26  25.26
2012-05-24  28.17 388.27   2.55 363.90  24.22
2012-05-25  27.20 793.08   7.49 348.20  23.37
2012-05-26  19.30 511.93   5.90 347.34  21.48
2012-05-27  19.81 496.92   2.02 365.47  20.54
2012-05-28  22.78 471.97   1.20 368.70  23.85
2012-05-29  26.19 482.80   2.25 368.81  24.17
2012-05-30  28.49 481.77   2.22 368.31  25.62
2012-05-31  31.38 529.16   2.07 365.54  25.66
2012-06-01  32.60 541.63   1.51 362.52  27.61
2012-06-02  33.92 514.98   3.33 365.42  26.18
2012-06-03  32.05 474.19   3.37 366.05  24.82
2012-06-04  31.42 609.17   4.13 363.04  25.43
2012-06-05  28.50 668.02   5.19 369.85  23.62
2012-06-06  24.91 390.52   2.82 368.65  24.17
2012-06-07  26.61 531.41   1.76 368.60  24.58
2012-06-08  30.01 534.52   3.28 365.55  24.72
2012-06-09  31.06 585.95   5.01 365.38  23.46
2012-06-10  27.38 346.37   4.00 372.24  23.16
2012-06-11  27.19 352.62   1.86 372.66  25.10
2012-06-12  29.74 530.17   1.32 373.54  26.67
2012-06-13  31.87 500.39   2.13 370.83  28.06
2012-06-14  31.99 482.15   3.29 370.93  25.31
2012-06-15  31.04 590.68   3.17 365.48  26.19
2012-06-16  30.98 620.28   1.58 366.98  26.26
2012-06-17  32.91 654.69   2.47 366.42  27.82
2012-06-18  35.29 537.48   3.70 372.16  26.37
2012-06-19  32.59 449.15   2.98 368.27  26.68
2012-06-20  33.67 582.24   1.76 369.51  27.90
2012-06-21  33.43 607.19   2.13 368.73  27.71
2012-06-22  33.93 625.67   4.77 371.62  26.67
2012-06-23  31.79 398.21   4.43 375.70  25.83
2012-06-24  32.37 445.69   4.02 365.23  25.88
2012-06-25  33.36 662.99   4.17 361.45  25.64
2012-06-26  32.68 463.23   3.88 368.58  26.31
2012-06-27  33.26 541.90   3.26 361.17  26.68
2012-06-28  34.50 961.38   3.64 351.49  26.11
2012-06-29  35.07 860.15   3.66 359.72  28.29
2012-06-30  33.92 474.92   2.94 367.24  28.04
2012-07-01  33.93 445.18   3.36 360.05  26.51
2012-07-02  34.01 508.93   2.85 366.39  27.67
2012-07-03  33.31 831.15   3.53 357.98  27.29
2012-07-04  31.20 1072.23   4.69 273.26  25.63
2012-07-05  26.80 1605.97   1.75 318.46  25.17
2012-07-06  31.88 1216.04   1.91 349.66  28.93
2012-07-07  33.46 888.68   1.59 356.21  28.65
2012-07-08  34.93 918.20   1.67 355.72  31.12
2012-07-09  36.34 936.76   1.39 354.79  31.20
2012-07-10  37.11 1024.84   1.16 344.44  31.75
2012-07-11  37.39 1155.28   2.43 346.07  29.88
2012-07-12  35.84 1367.23   3.06 289.64  28.90
2012-07-13  29.13 1898.22   1.93 205.89  27.92
2012-07-14  27.52 2129.94   1.12 278.70  26.63
2012-07-15  27.37 2040.25   2.27 287.51  27.93
2012-07-16  28.57 1914.74   2.09 281.52  26.28
2012-07-17  30.78 1029.76   3.57 344.08  28.16
2012-07-18  30.18 533.97   2.43 353.47  27.97
2012-07-19  32.27 900.69   1.34 290.35  27.57
2012-07-20  33.05 1430.89   1.43 308.30  28.81
2012-07-21  34.93 1361.80   1.59 304.11  29.17
2012-07-22  33.75 1565.31   1.82 316.60  28.21
2012-07-23  32.30 2062.40   1.58 281.66  27.67
2012-07-24  32.12 1936.91   2.09 289.83  29.45
2012-07-25  33.46 1382.67   2.59 327.68  29.86
2012-07-26  34.53 903.19   3.09 339.93  30.03
2012-07-27  34.01 748.82   2.94 345.11  29.71
2012-07-28  33.53 541.90   2.18 340.21  29.31
2012-07-29  33.78 833.78   2.29 247.17  26.79
2012-07-30  31.07 1760.82   2.02 150.71  26.43
2012-07-31  26.80 2153.35   1.20 193.02  26.08
2012-08-01  27.43 2364.05   0.86 267.21  25.72
2012-08-02  30.58 2068.07   0.87 313.19  29.73
2012-08-03  33.23 1900.54   2.37 312.25  28.00
2012-08-04  34.15 1369.13   2.05 312.40  29.25
2012-08-05  34.74 1150.98   1.95 302.72  29.22
2012-08-06  35.23 1223.21   1.86 304.41  28.57
2012-08-07  35.26 1408.60   1.51 321.26  30.97
2012-08-08  36.52 1247.90   1.20 325.68  31.09
2012-08-09  36.99 1202.53   1.28 313.96  33.10
2012-08-10  36.18 1333.81   1.48 307.72  30.55
2012-08-11  36.55 1243.85   1.11 316.43  31.48
2012-08-12  36.04 1400.55   1.44 301.72  32.66
2012-08-13  36.06 1416.39   1.68 300.45  31.36
2012-08-14  34.75 1346.53   1.54 314.58  30.94
2012-08-15  34.75 1241.14   2.23 317.00  30.01
2012-08-16  34.29 1267.89   2.81 268.50  30.37
2012-08-17  33.12 1645.84   3.02 287.79  30.98
2012-08-18  31.75 1935.73   2.50 290.64  29.12
2012-08-19  33.61 1816.48   1.95 293.40  29.22
2012-08-20  34.39 1574.36   1.64 289.84  28.95
2012-08-21  33.74 1722.42   2.70 276.11  29.62
2012-08-22  28.74 1898.08   2.67 184.87  28.60
2012-08-23  24.11 2051.53   1.12 276.62  27.58
2012-08-24  29.17 1986.79   1.40 292.36  27.00
2012-08-25  32.18 1793.14   1.80 280.84  29.79
2012-08-26  33.30 1540.65   2.54 260.04  29.10
2012-08-27  33.20 1217.86   1.86 300.36  30.60
2012-08-28  33.73 1134.93   1.38 279.36  29.82
2012-08-29  35.18 1337.22   2.11 271.95  30.46
2012-08-30  33.44 1369.27   2.67 270.03  28.02
2012-08-31  31.23 1555.73   2.95 221.93  27.14
2012-09-01  31.50 1659.48   3.10 270.24  28.39
2012-09-02  31.40 1045.28   1.78 290.34  28.89
2012-09-03  32.81 1101.97   1.78 281.07  29.96
2012-09-04  33.12 1446.35   2.47 280.35  29.11
2012-09-05  32.35 1560.25   2.06 266.00  29.12
2012-09-06  32.69 1392.49   2.23 265.80  27.67
2012-09-07  32.82 1426.48   1.76 255.22  29.13
2012-09-08  32.24 1621.65   1.93 262.96  29.33
2012-09-09  32.39 1369.93   1.60 247.38  27.02
2012-09-10  30.88 1743.28   3.40 226.92  28.62
2012-09-11  28.14 1777.93   2.69 212.60  25.72
2012-09-12  24.73 1798.22   1.68 258.24  27.08
2012-09-13  27.77 1059.00   2.26 279.82  28.22
2012-09-14  28.74 950.36   1.54 273.76  28.24
2012-09-15  28.87 1018.45   1.31 274.32  28.51
2012-09-16  29.41 857.39   1.22 273.46  27.94
2012-09-17  29.89 835.31   2.01 270.26  28.41
2012-09-18  29.02 889.78   1.42 271.16  27.28
2012-09-19  29.04 800.03   1.46 268.59  28.41
2012-09-20  28.78 922.47   1.26 264.15  27.67
2012-09-21  29.33 959.58   1.24 260.18  28.03
2012-09-22  29.47 973.02   1.30 240.64  26.65
2012-09-23  30.07 933.18   1.86 204.70  27.92
2012-09-24  29.91 848.76   3.49 246.06  29.06
2012-09-25  27.22 917.43   1.90 249.65  25.79
2012-09-26  25.37 1007.80   1.76 251.35  26.97
2012-09-27  25.93 1000.02   1.34 249.84  26.25
2012-09-28  27.17 1023.32   1.42 243.59  26.96
2012-09-29  27.67 977.89   1.27 242.73  26.60
2012-09-30  28.24 911.25   1.46 244.17  27.20
2012-10-01  28.76 781.22   1.32 243.88  27.33
2012-10-02  28.21 838.74   1.00 241.89  26.89
2012-10-03  29.12 842.25   2.23 236.18  27.99
2012-10-04  28.86 620.12   2.89 233.15  27.23
2012-10-05  27.02 685.98   2.13 212.47  27.73
2012-10-06  26.05 766.72   1.10 218.28  24.50
2012-10-07  24.00 682.12   1.64 229.64  25.49
2012-10-08  24.12 757.77   1.55 222.23  25.12
2012-10-09  25.49 815.13   3.32 221.87  25.11
2012-10-10  25.26 1033.19   2.98 206.72  23.72
2012-10-11  21.10 1171.26   1.64 137.55  23.88
2012-10-12  15.41 1287.85   1.66 175.11  23.00
2012-10-13  16.27 1148.89   1.63 209.14  22.25
2012-10-14  19.07 1382.89   1.36 210.24  23.43
2012-10-15  21.18 1375.01   1.28 209.34  22.80
2012-10-16  22.05 1369.37   0.72 206.92  23.79
2012-10-17  22.79 1259.07   1.87 208.20  23.59
2012-10-18  20.26 689.41   1.72 210.83  23.37
2012-10-19  20.29 781.72   1.02 208.57  23.91
2012-10-20  20.91 857.96   1.52 203.92  23.29
2012-10-21  23.37 951.35   4.24 189.93  23.09
2012-10-22  22.36 911.18   5.12 194.30  21.60
2012-10-23  20.77 694.90   4.80 197.36  22.24
2012-10-24  18.16 606.39   2.86 196.03  21.79
2012-10-25  16.69 598.58   1.66 191.71  21.28
2012-10-26  14.96 433.03   3.89 196.56  21.15
2012-10-27  15.10 459.35   1.72 192.34  20.15
2012-10-28  17.59 564.47   0.96 188.98  20.76
2012-10-29  18.23 697.91   0.92 186.89  20.77
2012-10-30  18.82 795.18   0.96 184.67  21.15
2012-10-31  18.93 778.43   0.92 183.76  20.62
2012-11-01  20.10 658.22   1.78 142.49  18.40
2012-11-02  19.21 619.41   1.26 176.30  19.79
2012-11-03  17.94 688.67   1.19 176.83  19.65
2012-11-04  18.25 701.63   1.27 174.74  20.91
2012-11-05  19.74 657.00   1.28 171.82  20.25
2012-11-06  19.87 684.01   1.04 170.43  21.02
2012-11-07  19.11 784.57   0.86 168.29  20.06
2012-11-08  20.43 657.41   3.44 151.00  20.38
2012-11-09  18.16 884.21   5.79  92.76  17.42
2012-11-10  10.22 410.47   2.69 162.63  18.13
2012-11-11   8.30 395.11   1.90 167.36  18.43
2012-11-12   7.67 423.86   2.03 163.65  18.21
2012-11-13  10.14 505.98   1.35 163.27  18.71
2012-11-14  11.53 566.39   1.16 159.09  17.52
2012-11-15  12.49 645.10   0.83 127.10  17.62
2012-11-16  14.99 614.72   0.82 111.11  17.71
2012-11-17  16.85 838.64   1.91 117.66  17.71
2012-11-18  17.24 897.57   3.28 148.59  18.03
2012-11-19  15.19 798.41   1.71 147.55  16.72
2012-11-20  14.51 817.84   0.74 148.02  18.08
2012-11-21  14.58 761.26   0.82 146.44  16.92
2012-11-22  14.89 751.27   1.18 142.73  17.68
2012-11-23  13.32 631.52   1.83 146.08  17.54
2012-11-24  14.12 667.04   0.90 145.45  17.77
2012-11-25  13.30 674.43   0.88 143.91  17.38
2012-11-26  12.95 723.41   1.00 143.49  17.02
2012-11-27  12.61 639.24   0.94 135.45  16.85
2012-11-28  13.80 642.66   0.84 138.25  16.20
2012-11-29  17.33 676.67   2.85 127.69  16.00
2012-11-30  17.53 899.89   4.08  90.33  16.80
2012-12-01  16.30 974.98   3.37  97.44  17.61
2012-12-02  15.66 903.24   3.13 119.06  15.63
2012-12-03  16.36 989.90   2.22  85.98  14.91
2012-12-04  14.10 1045.32   0.98 123.35  14.73
2012-12-05  13.75 886.62   0.87 108.78  14.55
2012-12-06  13.31 878.35   0.96 128.48  16.11
2012-12-07  14.14 835.31   1.14 132.55  15.43
2012-12-08  12.13 675.37   0.83 132.76  16.46
2012-12-09  11.71 571.22   2.26 131.19  13.75
2012-12-10   6.84 356.41   2.19 132.60  15.77
2012-12-11   7.95 481.45   0.64 124.06  15.92
2012-12-12  11.18 409.85   3.26 124.86  13.81
2012-12-13  13.47 448.35   3.37  93.85  13.54
2012-12-14  10.33 914.13   2.83  53.32  13.26
2012-12-15   7.78 758.01   3.34  94.77  12.99
2012-12-16   7.28 699.21   0.92 110.84  14.96
2012-12-17   9.28 808.47   1.94  59.08  14.43
2012-12-18  10.64 927.73   3.92  59.17  13.89
2012-12-19   6.50 494.73   4.18 129.83  13.73
2012-12-20   2.17 419.92   1.95 128.85  12.93
2012-12-21   3.67 502.28   1.19 131.48  13.32
2012-12-22   5.41 586.61   0.71 115.78  13.99
2012-12-23   9.77 638.01   2.13 115.40  14.00
2012-12-24  10.18 720.56   2.94  88.27  14.01
2012-12-25   6.00 454.25   2.74 122.79  13.08
2012-12-26   6.74 508.52   1.68  99.47  13.04
2012-12-27   6.20 604.41   1.39 125.67  12.82
2012-12-28   4.89 511.34   1.72 134.00  13.18
2012-12-29   5.01 528.30   1.12 130.75  12.23
2012-12-30   5.25 571.83   1.20  89.10  12.89
2012-12-31   4.30 445.73   2.41 129.17  12.96
2013-01-01   1.80 387.97   1.91 135.17  12.74
2013-01-02   2.94 372.97   2.26 135.01  12.77
2013-01-03   4.15 338.01   2.54 139.06  13.09
2013-01-04   2.81 346.42   1.24 139.06  12.94
2013-01-05   3.48 385.44   0.90 138.04  12.80
2013-01-06   5.19 431.53   0.83 126.18  12.32
2013-01-07   7.22 464.64   2.11 138.75  11.93
2013-01-08   7.57 394.03   1.95 138.11  12.14
2013-01-09   8.89 542.28   1.04 139.06  12.33
2013-01-10  11.87 495.48   3.45 115.82  11.02
2013-01-11   4.75 265.57   2.45 142.79  11.89
2013-01-12   1.62 234.10   2.06 146.86  11.62
2013-01-13  -0.41 220.74   2.17 143.40  11.37
2013-01-14  -1.22 181.43   3.98 152.09  11.36
2013-01-15  -1.25 180.78   3.48 147.98  10.98
2013-01-16   2.87 301.23   2.49 148.20  12.10
2013-01-17   5.32 328.72   2.11 149.82  12.08
2013-01-18   6.13 348.48   1.87 152.69  12.70
2013-01-19   5.37 345.79   1.70 154.00  12.13
2013-01-20   6.97 369.07   1.44 156.76  12.25
2013-01-21   7.04 321.59   1.91 156.36  12.54
2013-01-22   8.03 358.29   1.23 158.90  12.12
2013-01-23   9.90 422.89   0.98 122.66  11.44
2013-01-24  12.13 544.09   0.66  45.17  10.76
2013-01-25  11.98 804.12   0.99 131.97  10.08
2013-01-26  12.01 1030.58   1.30  32.26  10.83
2013-01-27  12.63 1200.21   3.56 107.45  11.57
2013-01-28   8.92 655.16   2.46 160.11  10.23
2013-01-29   6.65 455.03   1.23 162.04  11.33
2013-01-30   8.70 601.69   1.06 162.73  11.91
2013-01-31   9.55 721.94   0.94 167.23  11.62
2013-02-01  10.79 781.50   1.08 171.12  12.73
2013-02-02  10.98 777.72   1.11 146.82  12.62
2013-02-03  13.06 789.70   0.78 120.46  12.50
2013-02-04  11.39 720.33   1.10 177.54  13.06
2013-02-05  10.77 767.80   0.92 178.07  13.34
2013-02-06  14.54 645.56   1.38 179.52  13.32
2013-02-07  11.90 605.26   1.04 182.57  12.87
2013-02-08  12.61 443.26   4.52 165.00  11.76
2013-02-09   7.74 501.29   2.59 156.87  10.60
2013-02-10   7.95 456.89   0.96 175.50  11.30
2013-02-11   6.29 372.24   2.57 191.14  11.19
2013-02-12   5.72 294.11   2.21 196.85  11.99
2013-02-13   7.84 363.96   1.56 194.64  11.99
2013-02-14  10.94 466.59   1.83 197.10  12.31
2013-02-15  12.20 416.94   2.87 202.39  12.99
2013-02-16  11.83 385.00   1.14 205.25  12.06
2013-02-17  12.76 361.33   0.98 206.09  12.65
2013-02-18  12.00 332.63   1.62 209.08  12.86
2013-02-19  12.46 333.69   2.75 190.71  12.98
2013-02-20   9.09 574.08   3.14 129.51  10.02
2013-02-21   6.89 634.87   1.64 155.45  12.32
2013-02-22   6.66 447.50   1.34 215.10  11.56
2013-02-23   8.82 441.05   2.19 215.50  11.40
2013-02-24   8.13 299.61   4.51 217.93  11.79
2013-02-25   7.44 297.35   2.37 224.55  12.20
2013-02-26   8.44 309.72   2.31 229.47  12.31
2013-02-27   8.41 257.12   2.86 231.64  11.66
2013-02-28   9.36 250.94   1.63 230.78  12.38
2013-03-01  13.25 300.08   1.38 228.27  12.99
2013-03-02  15.48 474.39   1.14 227.76  12.88
2013-03-03  18.85 455.85   3.41 191.22  12.27
2013-03-04  17.55 591.01   3.16 228.97  12.54
2013-03-05  14.71 493.64   1.36 238.03  14.18
2013-03-06  17.74 506.79   4.22 238.43  12.64
2013-03-07  15.66 472.11   3.22 225.55  12.66
2013-03-08  12.57 756.47   3.10 113.70  12.68
2013-03-09   9.06 746.78   2.79 130.88  12.70
2013-03-10  12.14 582.69   2.27 242.61  12.72
2013-03-11  13.19 553.40   1.15 252.77  12.65
2013-03-12  15.49 608.39   1.28 252.16  15.50
2013-03-13  18.25 623.35   1.39 253.51  15.99
2013-03-14  20.11 605.98   1.28 256.35  17.32
2013-03-15  21.88 529.53   1.12 237.01  15.09
2013-03-16  23.11 419.94   1.72 250.38  16.91
2013-03-17  21.75 293.92   1.66 270.74  17.19
2013-03-18  19.60 203.09   1.63 270.01  16.61
2013-03-19  19.49 247.88   1.68 265.78  18.01
2013-03-20  20.13 412.15   3.28 219.07  12.86
2013-03-21  20.11 509.42   2.33 273.12  17.53
2013-03-22  17.15 259.50   2.33 285.25  16.75
2013-03-23  13.82 187.12   3.50 286.48  16.62
2013-03-24  11.59 260.11   1.46 282.40  14.74
2013-03-25  14.76 295.15   1.18 281.55  15.53
2013-03-26  19.54 284.49   2.83 251.48  15.44
2013-03-27  19.83 340.94   2.91 238.26  15.34
2013-03-28  19.98 499.74   2.87 275.57  15.98
2013-03-29  20.79 527.07   1.80 274.86  16.51
2013-03-30  21.76 512.91   1.16 264.22  17.00
2013-03-31  21.74 555.66   2.71 281.12  18.36
2013-04-01  19.71 650.76   3.09 283.45  17.86
2013-04-02  19.10 568.49   1.59 293.21  17.09
2013-04-03  19.62 595.29   1.28 297.26  17.95
2013-04-04  21.09 478.91   2.03 272.12  18.44
2013-04-05  22.72 533.16   2.61 287.09  18.88
2013-04-06  22.34 596.55   1.07 276.49  18.78
2013-04-07  22.20 537.68   1.28 291.50  17.88
2013-04-08  19.87 468.73   5.35 192.04  16.84
2013-04-09  13.54 495.13   3.73 266.95  14.93
2013-04-10  13.60 406.33   4.04 301.37  15.91
2013-04-11  17.49 423.03   1.27 285.17  16.88
2013-04-12  19.94 557.48   1.60 312.53  17.68
2013-04-13  22.07 482.26   3.25 310.77  18.84
2013-04-14  24.15 493.08   3.10 310.34  18.43
2013-04-15  22.59 575.04   5.86 318.69  16.43
2013-04-16  17.21 504.84   4.79 261.28  16.21
2013-04-17  12.83 454.22   4.01 310.75  15.06
2013-04-18  13.04 313.07   3.72 327.88  16.06
2013-04-19  14.90 337.36   1.34 329.22  15.83
2013-04-20  19.51 395.78   2.15 330.26  18.24
2013-04-21  20.33 421.23   1.44 329.51  18.88
2013-04-22  24.68 382.91   2.14 329.38  21.47
2013-04-23  21.85 298.06   3.97 341.43  17.80
2013-04-24  18.34 223.76   1.90 338.79  17.38
2013-04-25  21.21 258.00   1.60 316.50  18.30
2013-04-26  22.54 549.77   2.01 335.36  19.60
2013-04-27  23.62 415.87   1.83 341.07  21.09
2013-04-28  25.21 390.45   1.56 339.62  21.98
2013-04-29  27.52 451.56   1.42 338.89  24.80
2013-04-30  29.26 429.97   3.70 339.73  22.08
2013-05-01  24.88 293.99   5.09 347.65  19.37
2013-05-02  19.19 220.31   5.23 354.13  19.05
2013-05-03  21.45 242.01   1.74 354.71  20.20
2013-05-04  24.14 299.73   1.97 351.56  20.93
2013-05-05  25.53 358.76   4.99 264.28  18.96
2013-05-06  21.51 601.75   4.10 306.05  16.98
2013-05-07  19.24 747.39   4.53 304.60  17.32
2013-05-08  18.10 774.72   1.74 331.32  17.69
2013-05-09  21.16 764.11   1.51 308.08  18.06
2013-05-10  22.28 837.29   1.86 336.01  20.84
2013-05-11  26.19 704.09   1.89 340.74  22.00
2013-05-12  28.65 520.48   1.34 349.56  23.83
2013-05-13  30.17 546.35   1.46 349.41  25.56
2013-05-14  31.56 525.78   2.65 349.76  25.22
2013-05-15  29.94 484.27   3.94 350.14  23.71
2013-05-16  29.24 482.98   4.53 356.18  19.57
2013-05-17  26.58 569.14   4.55 243.74  19.82
2013-05-18  24.55 670.56   2.21 348.30  21.54
2013-05-19  25.38 693.90   2.22 355.93  23.06
2013-05-20  23.44 624.45   3.45 359.47  22.17
2013-05-21  24.77 569.97   1.56 352.68  22.52
2013-05-22  28.98 461.44   5.54 361.44  22.92
2013-05-23  27.04 431.62   5.05 363.52  21.20
2013-05-24  26.25 373.72   2.89 363.96  22.25
2013-05-25  26.77 384.16   4.56 361.97  19.73
2013-05-26  26.84 347.17   4.57 363.41  21.39
2013-05-27  26.60 473.69   2.69 361.40  22.92
2013-05-28  27.38 596.70   3.33 353.57  23.73
2013-05-29  26.03 603.56   2.30 356.21  23.32
2013-05-30  27.99 746.60   1.40 360.92  24.77
2013-05-31  29.69 741.16   2.77 361.17  25.52
2013-06-01  28.89 401.89   2.62 371.07  24.50
2013-06-02  30.25 440.94   1.63 364.24  26.54
2013-06-03  33.00 648.60   4.04 358.71  24.01
2013-06-04  31.33 629.45   3.10 360.15  25.03
2013-06-05  31.73 513.84   1.85 358.98  26.62
2013-06-06  33.35 712.15   1.63 364.17  27.08
2013-06-07  34.07 644.48   1.56 367.91  30.00
2013-06-08  35.55 570.71   1.42 365.07  29.88
2013-06-09  35.67 550.21   3.50 362.58  27.81
2013-06-10  33.55 478.18   4.75 355.62  26.02
2013-06-11  30.83 492.08   2.38 359.54  25.51
2013-06-12  33.71 685.69   3.30 333.21  25.71
2013-06-13  33.89 567.79   4.56 358.16  26.52
2013-06-14  31.64 431.04   2.38 373.49  27.05
2013-06-15  32.21 601.40   3.50 365.46  26.27
2013-06-16  31.41 415.70   3.65 372.96  27.50
2013-06-17  31.34 345.08   2.13 376.42  27.48
2013-06-18  32.34 500.94   4.00 373.70  27.28
2013-06-19  31.28 420.45   3.97 374.91  26.28
2013-06-20  30.13 385.28   2.86 374.79  26.43
2013-06-21  30.70 448.37   3.62 365.19  26.22
2013-06-22  31.00 479.16   2.54 368.44  27.07
2013-06-23  31.05 589.08   3.61 364.88  26.82
2013-06-24  30.20 578.66   5.31 313.09  25.51
2013-06-25  29.82 894.45   3.60 340.19  26.14
2013-06-26  32.76 1005.16   3.54 352.96  26.41
2013-06-27  34.58 1080.44   2.47 354.19  28.85
2013-06-28  36.11 1173.18   1.35 356.30  30.38
2013-06-29  38.64 1037.75   1.22 351.36  30.01
2013-06-30  38.63 985.26   1.48 350.43  31.71
2013-07-01  38.40 1138.93   2.91 331.89  28.94
2013-07-02  38.00 1123.12   3.65 317.13  29.93
2013-07-03  36.44 1186.15   2.79 343.53  29.59
2013-07-04  38.16 1173.62   3.12 309.84  27.88
2013-07-05  36.51 1268.96   3.84 310.78  27.43
2013-07-06  34.78 1223.56   3.54 304.39  27.68
2013-07-07  34.98 1162.46   1.95 296.39  29.33
2013-07-08  34.96 1211.94   1.76 343.86  30.42
2013-07-09  36.09 719.04   2.03 349.32  28.47
2013-07-10  35.72 1028.80   2.65 341.96  29.27
2013-07-11  31.65 1571.95   4.24 196.38  26.75
2013-07-12  28.33 1987.11   1.14 256.73  24.85
2013-07-13  30.66 1873.27   1.67 327.65  28.85
2013-07-14  32.99 1458.19   1.60 309.58  29.70
2013-07-15  34.37 1538.00   1.90 299.43  29.80
2013-07-16  34.53 1340.19   2.89 287.51  28.81
2013-07-17  33.48 1186.79   3.09 303.78  28.54
2013-07-18  35.06 1225.94   1.62 329.17  30.64
2013-07-19  35.72 1252.36   1.93 340.91  29.45
2013-07-20  33.81 1661.40   2.45 299.77  29.38
2013-07-21  30.19 2178.48   2.17 162.05  29.39
2013-07-22  29.47 2178.84   2.29 274.23  29.41
2013-07-23  31.64 1562.46   1.24 311.38  29.42
2013-07-24  34.53 1435.83   1.02 314.16  30.03
2013-07-25  36.06 1318.37   1.85 317.50  31.03
2013-07-26  34.80 1594.92   3.76 278.50  28.68
2013-07-27  31.15 1853.77   2.13 276.75  28.31
2013-07-28  29.56 2112.84   1.56 310.28  27.60
2013-07-29  30.13 1627.45   2.37 311.08  28.92
2013-07-30  34.25 837.70   3.13 333.17  28.58
2013-07-31  34.23 1011.02   2.67 331.49  28.92
2013-08-01  35.58 1148.41   4.04 328.46  28.67
2013-08-02  33.87 787.66   3.72 335.89  29.68
2013-08-03  32.97 769.89   3.42 335.92  29.19
2013-08-04  33.71 804.45   2.65 322.28  28.34
2013-08-05  33.97 820.80   3.37 306.63  28.14
2013-08-06  32.86 908.07   4.05 272.31  28.20
2013-08-07  31.82 1002.14   4.05 328.61  28.39
2013-08-08  32.06 683.73   3.08 336.91  29.07
2013-08-09  32.13 654.89   2.62 335.11  28.38
2013-08-10  31.54 637.29   2.98 334.80  28.92
2013-08-11  31.21 669.00   2.51 333.81  28.34
2013-08-12  31.38 626.65   1.97 335.51  29.47
2013-08-13  31.82 683.95   1.42 334.13  29.24
2013-08-14  32.04 659.62   1.99 333.26  29.27
2013-08-15  32.69 943.78   1.40 280.28  29.10
2013-08-16  34.82 1326.32   1.44 291.63  29.06
2013-08-17  36.09 1272.89   2.22 278.16  30.13
2013-08-18  33.18 1483.56   2.59 290.55  28.97
2013-08-19  30.27 1731.40   1.66 253.65  28.96
2013-08-20  32.80 1576.89   1.28 279.05  28.96
2013-08-21  34.57 1184.56   1.32 273.95  30.65
2013-08-22  33.93 1176.45   2.67 266.02  29.70
2013-08-23  30.01 1447.58   2.31 240.98  26.79
2013-08-24  30.00 1532.92   2.86 262.63  29.54
2013-08-25  26.48 2027.82   2.09 169.49  28.04
2013-08-26  24.00 2063.34   1.51 117.62  27.12
2013-08-27  25.53 2169.82   1.35 258.04  26.21
2013-08-28  29.96 2246.50   1.22 269.27  28.53
2013-08-29  31.18 2171.84   1.76 256.37  28.51
2013-08-30  29.00 2373.73   2.15 186.20  25.11
2013-08-31  28.84 2452.79   1.76 203.76  25.56
2013-09-01  27.20 2287.73   1.14 197.50  26.01
2013-09-02  30.18 2290.87   1.04 272.74  28.05
2013-09-03  30.69 1927.04   1.91 249.58  26.15
2013-09-04  31.21 1980.62   1.44 275.66  29.59
2013-09-05  30.22 1867.08   1.67 254.44  28.08
2013-09-06  32.51 1495.00   1.66 251.85  29.67
2013-09-07  29.14 1699.20   2.10 136.79  27.93
2013-09-08  25.40 2185.99   1.70 200.67  26.19
2013-09-09  25.36 2046.48   1.68 220.66  25.81
2013-09-10  23.11 1951.56   1.30 117.32  25.82
2013-09-11  22.79 1965.11   1.04 172.38  25.83
2013-09-12  23.12 1948.35   1.51 236.69  25.84
2013-09-13  25.32 2005.54   1.22 261.31  27.47
2013-09-14  27.12 1756.35   1.28 263.46  26.83
2013-09-15  27.72 1733.01   1.15 264.31  28.20
2013-09-16  29.66 1696.49   1.28 255.55  28.42
2013-09-17  31.47 1145.87   3.60 263.72  28.29
2013-09-18  30.54 486.41   2.47 272.24  28.14
2013-09-19  26.98 792.14   1.75 271.70  26.94
2013-09-20  27.14 811.45   1.30 267.18  28.42
2013-09-21  28.90 646.05   4.08 264.41  26.64
2013-09-22  24.98 621.31   4.36 259.23  25.35
2013-09-23  22.21 832.44   1.52 263.52  25.55
2013-09-24  23.82 846.01   1.70 259.99  26.00
2013-09-25  27.85 567.81   5.96 258.15  24.89
2013-09-26  23.10 573.67   4.18 245.51  23.78
2013-09-27  18.25 586.60   3.02 250.84  23.63
2013-09-28  18.84 676.46   1.51 254.40  23.69
2013-09-29  21.04 662.37   1.12 251.63  24.55
2013-09-30  23.53 575.88   2.01 249.94  24.40
2013-10-01  24.16 632.19   2.39 246.95  24.31
2013-10-02  25.10 710.42   3.85 238.58  22.73
2013-10-03  25.06 685.60   3.82 239.16  23.38
2013-10-04  18.23 378.22   4.88 243.92  22.37
2013-10-05  16.40 452.07   4.06 241.94  21.60
2013-10-06  18.04 511.46   1.76 238.52  22.94
2013-10-07  20.03 694.89   0.90 201.09  22.69
2013-10-08  21.53 604.49   2.50 225.39  21.76
2013-10-09  20.72 589.14   4.14 128.37  21.62
2013-10-10  14.11 889.51   2.51 133.02  19.18
2013-10-11  15.24 937.10   1.46 215.04  20.15
2013-10-12  16.26 1037.95   1.16 214.00  20.61
2013-10-13  19.51 768.72   3.44 213.50  20.83
2013-10-14  17.94 770.84   2.21 214.50  19.98
2013-10-15  16.61 706.57   2.38 218.42  20.82
2013-10-16  16.30 552.24   2.87 215.53  20.44
2013-10-17  15.73 650.00   1.03 212.25  20.23
2013-10-18  17.45 647.41   1.56 211.10  20.19
2013-10-19  18.06 603.44   1.28 210.51  20.54
2013-10-20  18.25 652.27   1.03 207.19  20.63
2013-10-21  18.95 712.17   1.39 203.04  20.49
2013-10-22  19.46 626.68   1.31 200.88  21.35
2013-10-23  19.83 690.78   1.12 184.32  19.70
2013-10-24  20.47 695.60   0.94 180.82  20.41
2013-10-25  20.56 801.10   1.08 191.82  19.98
2013-10-26  19.89 870.68   1.35 191.08  20.75
2013-10-27  20.27 819.47   1.27 187.90  20.51
2013-10-28  21.30 588.73   6.48 160.29  20.19
2013-10-29  15.01 624.00   3.37 173.00  18.58
2013-10-30  13.45 714.52   1.87 179.90  18.06
2013-10-31  12.89 692.01   1.26 181.97  19.28
2013-11-01  14.62 648.44   1.23 182.59  18.95
2013-11-02  15.70 755.71   0.95 178.57  18.55
2013-11-03  17.26 613.77   1.75 178.69  18.89
2013-11-04  14.06 561.98   2.37 120.16  17.93
2013-11-05  10.90 468.11   3.74 175.83  18.31
2013-11-06  10.34 428.97   1.80 172.80  17.81
2013-11-07  13.45 527.72   1.00 163.72  18.19
2013-11-08  14.38 586.84   0.74 166.92  17.69
2013-11-09  14.96 633.69   0.94 166.47  18.52
2013-11-10  15.07 704.45   0.99 163.35  17.22
2013-11-11  15.47 662.62   1.04 164.01  18.53
2013-11-12  16.77 600.11   1.24 147.98  16.76
2013-11-13  18.52 568.46   0.99 158.03  18.32
2013-11-14  17.15 622.71   0.95 159.05  18.48
2013-11-15  17.78 595.63   2.46 154.43  17.57
2013-11-16  14.95 649.40   2.38 153.84  17.00
2013-11-17  14.17 764.16   2.23 149.79  16.94
2013-11-18  13.38 885.59   0.63 148.17  17.58
2013-11-19  14.89 909.04   1.10 132.56  14.12
2013-11-20  13.62 959.08   0.94 118.24  15.46
2013-11-21  14.47 1065.43   1.80  98.22  15.57
2013-11-22   9.73 955.75   3.29  41.37  15.03
2013-11-23   8.73 859.00   2.69  54.79  14.49
2013-11-24   9.59 896.34   1.62  99.90  13.95
2013-11-25  10.61 915.33   1.03 138.69  16.53
2013-11-26  11.29 820.24   0.90 139.63  15.37
2013-11-27  12.21 895.73   1.15 124.07  14.88
2013-11-28  11.67 859.97   1.12 125.67  15.45
2013-11-29  11.06 877.09   1.04 125.19  15.97
2013-11-30  11.69 857.53   1.18 132.14  15.84
2013-12-01  11.46 840.23   1.04 134.22  15.22
2013-12-02  10.90 822.43   0.72 125.19  16.13
2013-12-03  12.96 747.70   3.03 111.62  15.41
2013-12-04   8.26 492.20   4.65 137.94  14.75
2013-12-05   0.52 291.93   2.49 141.40  14.32
2013-12-06   0.17 319.74   0.92 137.15  14.68
2013-12-07   5.13 463.38   3.77  75.35  15.79
2013-12-08   3.84 370.64   3.17 130.52  13.82
2013-12-09  -0.14 247.14   3.33 139.19  13.93
2013-12-10  -0.40 270.80   2.26 135.98  13.39
2013-12-11   1.92 357.24   1.47 135.39  14.11
2013-12-12   4.05 392.17   1.59 125.15  12.87
2013-12-13   6.31 512.22   0.83 128.18  13.94
2013-12-14   7.06 409.05   2.26 132.50  13.94
2013-12-15   7.02 478.43   1.44 129.91  13.86
2013-12-16   8.70 531.87   1.00 124.49  12.19
2013-12-17   9.73 544.58   1.04 126.60   9.70
2013-12-18   9.94 593.20   0.74  78.17  11.61
2013-12-19  11.54 583.97   2.61  99.58  12.87
2013-12-20   9.47 651.97   2.45 127.77  13.24
2013-12-21   8.17 482.13   1.52 128.57  12.70
2013-12-22   9.22 553.61   0.98 128.25  13.69
2013-12-23   9.34 600.40   0.92 128.10  13.19
2013-12-24   9.68 599.11   1.07 128.52  12.06
2013-12-25  10.16 463.01   2.47 132.68  14.13
2013-12-26   8.76 346.45   1.46 133.66  13.14
2013-12-27   9.42 390.78   0.95 132.53  13.59
2013-12-28   9.25 514.46   0.91 100.50  12.86
2013-12-29   9.65 421.57   3.17 135.13  13.50
2013-12-30   7.35 398.46   1.16 133.81  12.81
2013-12-31   7.45 465.96   0.83 132.43  12.26
2014-01-01   9.09 519.60   1.10 132.60  12.83
2014-01-02   9.98 485.93   1.06 129.47  12.56
2014-01-03   8.97 496.43   0.79 134.01  13.22
2014-01-04   9.27 499.01   1.22 135.53  12.66
2014-01-05   7.62 304.41   3.01 140.31  13.54
2014-01-06   6.60 245.47   2.30 140.46  12.76
2014-01-07   7.40 416.78   0.76 132.94  10.79
2014-01-08   6.99 461.44   0.72 137.09  11.65
2014-01-09   8.07 502.72   0.80 127.43  11.88
2014-01-10   9.25 591.57   0.76 137.59  12.11
2014-01-11   9.41 634.70   0.86 138.63   9.71
2014-01-12  12.82 522.52   1.94 144.16  12.72
2014-01-13   9.51 383.27   2.09 144.94  12.27
2014-01-14  10.81 456.52   1.94 146.84  13.04
2014-01-15  11.45 396.60   1.79 147.72  13.05
2014-01-16  11.65 378.51   1.50 149.34  13.03
2014-01-17  11.13 346.49   1.39 150.80  13.26
2014-01-18  10.65 382.72   1.03 153.84  12.41
2014-01-19  10.21 391.98   0.91 153.02  13.10
2014-01-20  10.14 451.19   0.98 155.19  12.69
2014-01-21  10.43 409.30   1.02 134.13  11.03
2014-01-22  11.24 472.15   0.71 123.61  13.18
2014-01-23   9.89 421.20   1.91 142.30  12.91
2014-01-24  11.11 409.34   2.27 134.52  12.22
2014-01-25  11.71 370.45   1.34 138.66  11.53
2014-01-26   9.51 381.65   0.79 151.72  13.08
2014-01-27   9.87 405.40   0.83 162.79  12.75
2014-01-28  11.32 435.34   1.34 156.05  10.81
2014-01-29  11.62 450.97   0.87 154.84  11.38
2014-01-30  15.29 467.07   3.36  83.86  11.29
2014-01-31  12.98 729.44   2.69 138.53  11.21
2014-02-01   8.39 550.12   2.49 171.49  11.30
2014-02-02   5.07 435.62   1.34 138.56  12.58
2014-02-03   8.04 554.32   0.82 168.69  11.96
2014-02-04   7.97 536.56   1.06 173.69  11.21
2014-02-05   7.38 497.71   1.24 170.12  11.85
2014-02-06   7.92 561.69   1.94  80.95  12.22
2014-02-07   9.33 799.73   1.23  91.77   9.66
2014-02-08  11.21 769.76   1.89 156.28   7.17
2014-02-09  13.72 732.44   1.20 173.71  11.83
2014-02-10  14.37 711.75   1.12 175.70  13.06
2014-02-11  13.89 585.08   1.98 185.43  11.29
2014-02-12  12.41 467.37   0.96 185.47  11.42
2014-02-13  13.98 452.57   1.00 190.14  12.11
2014-02-14  15.27 468.95   0.90 188.59  12.66
2014-02-15  15.92 471.47   1.02 177.95  11.85
2014-02-16  18.33 467.81   2.63 184.40  13.09
2014-02-17  16.13 436.14   1.00 204.02  11.69
2014-02-18  17.10 468.19   1.70 181.25  12.63
2014-02-19  15.88 394.63   2.33 202.27  14.03
2014-02-20  13.87 257.68   3.30 211.15  13.36
2014-02-21  11.28 313.56   1.02 210.11  13.33
2014-02-22  13.00 392.84   1.06 212.03  13.80
2014-02-23  13.93 433.70   1.10 212.87  13.53
2014-02-24  15.15 435.70   1.18 217.59  14.32
2014-02-25  15.20 445.07   1.16 219.58  14.71
2014-02-26  16.42 512.73   1.83 211.77  13.90
2014-02-27  18.48 656.08   4.32 201.12  13.21
2014-02-28  15.61 595.59   2.70 123.95  12.65
2014-03-01  13.74 996.76   4.20 177.91  12.10
2014-03-02  12.63 947.74   2.11 157.21  11.12
2014-03-03  13.61 929.15   1.70 211.64  11.74
2014-03-04  14.87 952.54   1.24 217.52  14.02
2014-03-05  14.97 835.98   1.26 213.83  13.11
2014-03-06  15.91 685.15   1.20 199.65  12.36
2014-03-07  18.50 578.85   2.63 240.35  14.05
2014-03-08  15.74 434.94   3.60 247.53  14.97
2014-03-09  15.76 387.36   1.78 249.42  14.53
2014-03-10  17.64 280.82   2.58 241.60  14.36
2014-03-11  17.40 287.75   3.94 254.04  13.58
2014-03-12  13.78 373.56   3.44 255.91  14.24
2014-03-13  15.41 390.78   1.34 160.55  14.60
2014-03-14  16.32 501.85   1.28 248.97  12.85
2014-03-15  18.30 351.87   2.93 264.57  15.69
2014-03-16  17.55 233.06   2.09 265.07  15.75
2014-03-17  19.21 297.82   2.82 266.24  15.36
2014-03-18  15.55 220.09   5.03 274.07  13.92
2014-03-19  11.92 241.63   2.49 280.50  14.78
2014-03-20  12.84 320.22   1.04 256.71  13.87
2014-03-21  15.66 373.78   0.99 254.85  15.21
2014-03-22  19.02 426.33   1.90 272.77  16.90
2014-03-23  17.67 392.06   1.28 275.98  14.83
2014-03-24  18.54 387.87   1.64 281.98  17.37
2014-03-25  19.83 297.11   1.34 283.44  17.58
2014-03-26  20.34 438.53   5.43 246.54  15.47
2014-03-27  14.56 614.98   2.78 245.96  13.47
2014-03-28  15.05 574.13   1.27 268.26  14.81
2014-03-29  18.31 444.04   2.69 273.73  13.86
2014-03-30  20.49 460.39   4.81 252.45  14.18
2014-03-31  15.83 398.84   2.61 290.68  14.99
2014-04-01  17.21 350.98   5.36 252.51  14.87
2014-04-02  13.53 449.96   3.80 258.86  15.10
2014-04-03  11.29 600.67   1.31 291.39  13.28
2014-04-04  14.20 454.76   1.35 223.25  14.21
2014-04-05  17.21 399.81   1.60 281.27  15.13
2014-04-06  17.48 465.56   3.48 303.12  15.79
2014-04-07  20.84 426.25   2.51 305.62  17.60
2014-04-08  21.24 443.35   1.22 308.89  17.74
2014-04-09  23.31 347.94   2.23 292.87  16.37
2014-04-10  24.82 181.60   2.27 317.06  19.43
2014-04-11  24.74 203.40   2.10 292.05  19.87
2014-04-12  25.18 314.46   3.10 315.48  18.50
2014-04-13  23.90 469.87   3.37 317.33  18.02
2014-04-14  18.65 285.13   3.92 327.87  17.84
2014-04-15  18.43 289.09   1.04 281.80  16.67
2014-04-16  21.00 355.36   1.58 315.00  19.71
2014-04-17  23.01 474.30   1.67 320.68  20.15
2014-04-18  24.18 462.43   3.50 239.99  16.19
2014-04-19  22.51 781.91   2.22 304.86  18.65
2014-04-20  24.12 724.82   1.35 318.53  20.67
2014-04-21  26.23 692.40   2.11 320.64  20.00
2014-04-22  27.35 554.83   5.08 287.20  17.85
2014-04-23  20.06 313.01   3.60 321.36  18.22
2014-04-24  19.36 379.83   1.24 330.32  19.65
2014-04-25  23.92 378.21   4.96 318.03  17.25
2014-04-26  17.11 639.31   4.65 234.57  17.43
2014-04-27  15.93 723.74   1.86 321.17  17.61
2014-04-28  19.67 563.47   2.59 334.56  18.26
2014-04-29  19.39 287.53   5.11 344.09  18.06
2014-04-30  19.32 283.46   5.39 346.42  17.90
2014-05-01  21.03 299.23   4.14 347.49  18.51
2014-05-02  23.64 330.03   1.15 345.15  22.15
2014-05-03  27.46 355.49   2.98 346.95  20.85
2014-05-04  29.37 316.00   4.75 347.29  16.45
2014-05-05  28.08 180.85   5.16 348.60  17.19
2014-05-06  22.42 482.71   5.17 334.39  18.27
2014-05-07  16.24 721.40   2.55 311.39  18.43
2014-05-08  19.15 707.44   1.56 345.21  18.79
2014-05-09  22.78 559.19   3.08 328.77  19.39
2014-05-10  24.80 611.95   2.93 343.05  20.35
2014-05-11  19.44 494.91   5.76 344.20  17.29
2014-05-12  19.46 500.24   2.95 354.40  18.43
2014-05-13  21.25 407.75   3.85 358.47  19.43
2014-05-14  22.63 296.82   2.70 359.36  20.01
2014-05-15  25.71 370.80   1.34 356.22  22.28
2014-05-16  29.11 462.88   1.85 345.73  17.88
2014-05-17  30.17 410.61   2.50 347.81  20.04
2014-05-18  31.17 414.22   5.00 357.18  21.87
2014-05-19  27.52 434.23   4.63 359.73  21.62
2014-05-20  25.30 422.24   5.00 359.30  20.37
2014-05-21  21.14 490.32   2.35 359.16  19.54
2014-05-22  22.63 540.67   1.14 346.92  20.99
2014-05-23  24.66 568.44   1.98 302.99  19.25
2014-05-24  24.07 791.25   1.31 266.68  18.42
2014-05-25  24.95 996.68   1.71 345.62  22.04
2014-05-26  29.26 827.54   1.16 355.10  25.21
2014-05-27  33.11 728.07   2.98 354.68  25.44
2014-05-28  32.82 633.90   4.29 340.08  22.28
2014-05-29  31.25 599.45   3.46 343.60  23.79
2014-05-30  30.76 626.73   3.05 360.23  23.58
2014-05-31  31.32 430.25   3.52 366.34  24.56
2014-06-01  30.59 316.29   1.70 376.06  25.89
2014-06-02  29.75 395.09   2.79 361.82  23.65
2014-06-03  30.64 284.80   2.86 368.84  28.47
2014-06-04  29.62 409.40   1.60 372.81  26.10
2014-06-05  30.34 418.46   1.52 373.99  27.66
2014-06-06  31.58 476.06   1.54 370.43  27.47
2014-06-07  32.38 512.78   1.90 368.53  28.16
2014-06-08  32.55 522.76   2.13 369.65  27.53
2014-06-09  32.58 544.80   1.55 369.99  27.40
2014-06-10  34.10 649.50   2.91 334.99  28.52
2014-06-11  32.37 602.73   3.62 350.05  26.04
2014-06-12  32.99 531.97   3.62 364.82  26.75
2014-06-13  33.07 438.80   4.97 370.13  26.15
2014-06-14  30.19 388.38   3.49 375.91  26.47
2014-06-15  28.70 469.89   3.38 371.97  24.31
2014-06-16  30.16 436.84   5.78 350.68  25.56
2014-06-17  29.49 567.87   6.12 366.54  24.29
2014-06-18  26.57 567.19   3.56 369.25  23.65
2014-06-19  27.07 540.51   1.68 371.54  26.87
2014-06-20  30.49 659.16   1.68 356.21  25.24
2014-06-21  32.57 678.55   3.37 352.21  25.27
2014-06-22  34.15 527.51   4.39 365.14  25.26
2014-06-23  32.08 367.54   2.77 373.09  26.21
2014-06-24  32.77 446.08   3.52 367.50  25.77
2014-06-25  32.98 568.00   3.89 363.99  25.77
2014-06-26  32.63 639.98   5.44 262.34  26.53
2014-06-27  30.08 915.98   2.09 351.31  26.08
2014-06-28  32.93 1000.70   1.64 358.18  28.53
2014-06-29  34.44 964.99   3.50 356.73  26.86
2014-06-30  35.39 1064.69   2.86 355.21  28.18
2014-07-01  36.35 1137.49   2.09 346.69  29.54
2014-07-02  36.69 1014.80   3.33 329.94  27.22
2014-07-03  35.25 787.48   3.58 341.73  27.64
2014-07-04  33.76 1521.09   4.18 302.48  28.11
2014-07-05  32.12 1493.16   2.47 302.86  28.95
2014-07-06  32.83 1557.70   1.74 316.67  28.25
2014-07-07  32.20 1609.82   1.87 273.43  28.18
2014-07-08  32.86 1903.48   1.83 320.16  28.12
2014-07-09  30.88 1604.83   2.70 256.76  27.89
2014-07-10  31.56 1598.05   2.49 267.67  27.66
2014-07-11  29.39 1541.57   1.48 324.03  27.55
2014-07-12  33.44 862.31   1.86 352.82  28.03
2014-07-13  35.82 926.83   1.38 349.45  28.56
2014-07-14  34.66 1647.60   2.99 296.95  28.28
2014-07-15  32.65 1806.82   3.40 271.64  28.01
2014-07-16  34.05 965.64   2.27 300.16  27.73
2014-07-17  35.06 956.49   2.54 331.37  27.46
2014-07-18  35.26 642.28   3.48 344.94  26.12
2014-07-19  33.55 860.93   3.96 270.95  27.67
2014-07-20  32.34 943.87   2.78 338.57  27.50
2014-07-21  33.18 826.83   3.68 351.25  29.20
2014-07-22  33.21 727.22   2.14 352.09  30.00
2014-07-23  35.76 685.43   1.83 340.49  30.94
2014-07-24  37.72 846.87   3.06 335.33  28.83
2014-07-25  36.54 1159.86   3.65 283.60  29.53
2014-07-26  34.48 1530.39   2.66 295.98  27.63
2014-07-27  34.26 1550.81   1.97 302.92  27.11
2014-07-28  31.38 1674.00   1.55 289.35  27.84
2014-07-29  31.19 1694.51   1.46 290.08  26.64
2014-07-30  33.68 1487.35   1.43 317.05  30.37
2014-07-31  35.36 1284.22   1.91 311.87  27.22
2014-08-01  34.52 1411.27   2.61 304.28  29.03
2014-08-02  33.23 1281.80   2.03 269.94  28.36
2014-08-03  27.46 2009.24   2.29 149.42  27.99
2014-08-04  24.65 2122.70   1.40 253.63  27.63
2014-08-05  28.01 2135.30   1.30 311.63  27.27
2014-08-06  30.52 1601.26   1.55 329.99  30.03
2014-08-07  30.75 1070.54   1.63 337.51  29.38
2014-08-08  31.35 850.11   2.13 336.16  30.33
2014-08-09  32.33 882.51   1.86 332.82  29.30
2014-08-10  32.90 1077.81   1.64 306.39  29.88
2014-08-11  32.68 1260.26   1.68 269.44  29.75
2014-08-12  30.10 1780.29   1.85 254.84  27.36
2014-08-13  28.34 2147.35   2.34 246.23  26.12
2014-08-14  31.30 1759.03   3.70 274.38  28.45
2014-08-15  32.73 1050.64   3.29 312.34  30.18
2014-08-16  32.33 920.07   1.64 325.81  29.76
2014-08-17  33.61 1029.45   1.63 321.96  30.82
2014-08-18  33.15 1222.29   3.20 284.30  29.51
2014-08-19  28.24 1673.44   2.23 245.48  26.41
2014-08-20  27.65 1671.32   2.19 291.47  27.75
2014-08-21  28.50 1140.65   2.03 262.80  27.46
2014-08-22  25.90 1558.39   2.69 287.09  27.13
2014-08-23  29.37 1130.53   4.09 309.03  26.68
2014-08-24  29.70 771.80   2.77 311.19  28.36
2014-08-25  31.31 946.98   4.55 304.32  27.54
2014-08-26  30.17 1232.05   4.29 264.82  25.75
2014-08-27  27.98 1270.66   1.80 304.50  26.88
2014-08-28  29.64 1014.40   1.70 306.84  28.18
2014-08-29  31.37 895.56   1.14 305.25  29.30
2014-08-30  32.86 812.55   2.42 299.14  29.15
2014-08-31  33.89 803.73   3.33 292.48  29.50
2014-09-01  32.36 881.62   2.19 297.46  28.94
2014-09-02  32.46 930.04   2.66 297.90  29.45
2014-09-03  32.79 762.89   3.66 297.60  28.31
2014-09-04  31.62 778.80   3.20 275.42  27.58
2014-09-05  31.47 1338.78   2.50 265.06  27.06
2014-09-06  30.85 1285.31   1.98 282.39  28.46
2014-09-07  31.50 1462.78   1.93 219.86  29.70
2014-09-08  26.80 2187.06   2.35 164.89  26.89
2014-09-09  25.68 2104.84   2.30 242.23  26.91
2014-09-10  26.32 1857.08   1.51 270.05  27.24
2014-09-11  28.85 1350.12   1.50 281.13  28.40
2014-09-12  30.08 941.40   1.83 279.61  27.95
2014-09-13  30.56 940.64   1.12 274.54  28.07
2014-09-14  31.77 1175.45   1.51 263.26  29.33
2014-09-15  31.58 1089.98   1.39 269.41  28.49
2014-09-16  31.85 1307.67   1.83 259.08  29.19
2014-09-17  30.09 1773.04   1.95 233.26  27.10
2014-09-18  30.68 1490.91   2.59 234.16  28.54
2014-09-19  30.86 1241.05   2.21 247.87  28.10
2014-09-20  29.84 1079.26   1.90 229.13  27.22
2014-09-21  28.94 1564.61   1.46 224.18  25.24
2014-09-22  28.42 1101.62   1.55 257.83  27.56
2014-09-23  28.53 938.35   1.06 258.90  29.21
2014-09-24  28.82 981.37   0.99 257.79  27.75
2014-09-25  29.84 896.13   2.18 247.03  28.50
2014-09-26  31.57 1361.80   3.98 217.54  26.62
2014-09-27  24.47 1595.84   3.05 176.04  25.39
2014-09-28  20.67 1110.99   2.13 226.87  25.26
2014-09-29  20.40 1311.31   1.10 244.72  25.10
2014-09-30  21.22 1337.42   1.15 242.02  25.84
2014-10-01  22.07 1380.33   2.07 239.74  24.84
2014-10-02  19.35 947.54   2.61 247.06  25.89
2014-10-03  20.42 990.11   1.62 242.69  25.23
2014-10-04  22.71 1020.33   1.47 239.31  25.91
2014-10-05  23.71 946.05   1.50 236.88  25.25
2014-10-06  24.03 973.57   1.27 233.31  25.53
2014-10-07  24.25 911.71   1.46 130.24  25.02
2014-10-08  24.01 1085.80   1.20 182.52  24.52
2014-10-09  24.08 1195.90   1.89 213.66  24.01
2014-10-10  24.18 1226.86   1.60 219.33  24.29
2014-10-11  24.52 1193.67   1.40 218.40  25.35
2014-10-12  25.10 861.59   2.54 221.35  24.35
2014-10-13  20.63 514.16   2.55 222.44  24.44
2014-10-14  20.67 650.92   0.99 218.77  23.97
2014-10-15  24.10 642.40   2.86 211.04  23.11
2014-10-16  22.86 682.98   2.38 212.12  24.19
2014-10-17  22.03 990.31   1.32 179.48  23.06
2014-10-18  22.98 1063.43   1.70 175.52  23.07
2014-10-19  23.01 1103.26   1.12 199.84  23.08
2014-10-20  23.64 1155.43   1.26 198.34  23.75
2014-10-21  24.85 1108.92   3.05 197.98  22.86
2014-10-22  22.50 903.73   1.47 196.35  21.74
2014-10-23  21.51 992.79   0.94 194.63  21.97
2014-10-24  23.22 1076.00   0.91 193.13  23.04
2014-10-25  24.31 1022.55   2.70 187.33  22.78
2014-10-26  23.75 910.69   2.95 192.31  22.50
2014-10-27  20.84 628.90   1.78 190.93  22.78
2014-10-28  17.74 582.64   1.30 188.62  21.97
2014-10-29  18.67 661.20   1.04 187.93  22.49
2014-10-30  19.34 823.55   1.00 176.32  21.75
2014-10-31  21.41 943.80   1.95 178.44  21.91
2014-11-01  20.49 896.12   4.57 120.75  21.38
2014-11-02  15.35 655.90   1.71 167.20  20.13
2014-11-03  13.47 620.99   2.43 176.53  20.81
2014-11-04  12.86 499.10   2.93 179.04  20.52
2014-11-05  14.41 631.47   1.24 173.22  20.89
2014-11-06  16.56 699.73   0.94 171.45  20.75
2014-11-07  16.88 872.85   1.06 169.43  20.77
2014-11-08  17.83 880.39   1.15 165.90  20.77
2014-11-09  18.40 891.82   0.90 161.87  19.75
2014-11-10  19.71 699.82   2.58 164.90  20.86
2014-11-11  18.01 689.79   1.80 160.81  19.88
2014-11-12  18.06 863.63   2.07 158.03  19.82
2014-11-13  17.13 810.47   2.31 147.99  18.20
2014-11-14  17.23 941.56   2.66 116.83  18.54
2014-11-15  15.69 881.72   2.66 150.70  19.03
2014-11-16  11.05 414.35   4.39 162.94  18.86
2014-11-17   6.37 271.34   2.59 159.29  18.28
2014-11-18   8.05 419.51   1.04 156.64  17.39
2014-11-19  10.19 507.66   0.70 132.12  16.90
2014-11-20  11.39 581.74   0.74 148.34  17.65
2014-11-21  14.12 666.20   1.03 145.03  17.64
2014-11-22  13.57 721.08   1.85 143.62  17.12
2014-11-23  14.55 508.02   3.58 149.94  17.81
2014-11-24  10.76 457.47   1.54 148.81  17.35
2014-11-25   9.54 442.64   1.02 144.27  17.12
2014-11-26  10.61 511.31   0.87 143.05  17.69
2014-11-27  12.14 645.42   0.88 131.29  16.28
2014-11-28  12.07 652.58   0.67 140.58  17.37
2014-11-29  15.09 546.47   2.67 138.72  16.39
2014-11-30  17.46 475.21   4.06 131.56  16.41
2014-12-01  13.99 635.73   1.80 127.25  16.44
2014-12-02  12.38 882.99   0.72  58.51  16.12
2014-12-03  12.23 1111.17   0.94  41.86  15.81
2014-12-04  13.26 1288.26   1.00  70.67  15.49
2014-12-05  13.08 1307.16   0.87  58.86  15.17
2014-12-06  14.38 1321.56   0.79 115.39  14.56
2014-12-07  13.30 1160.04   0.78 128.65  15.68
2014-12-08  12.84 1115.50   0.86 102.37  10.64
2014-12-09  11.50 988.90   0.79 125.01  15.12
2014-12-10  11.45 985.51   0.83 123.66  14.32
2014-12-11  13.02 1051.97   1.28  88.91  15.68
2014-12-12  14.36 941.86   2.59  90.04  17.05
2014-12-13  10.44 945.85   2.07 100.03  13.36
2014-12-14   9.17 856.62   0.82 115.89  15.48
2014-12-15   6.80 722.44   0.87  82.72  14.54
2014-12-16   9.16 763.59   0.79 108.38  14.16
2014-12-17   9.73 844.90   1.70  70.68  13.77
2014-12-18   9.71 934.93   1.15  97.90  13.38
2014-12-19   7.70 875.60   1.03  97.57  15.01
2014-12-20   8.64 907.58   0.78  97.02  15.21
2014-12-21   8.83 933.65   0.79  86.89  15.40
2014-12-22  10.22 990.65   0.88 119.46  14.87
2014-12-23  12.56 730.90   2.97 130.56  15.84
2014-12-24   8.09 496.06   0.99 115.22  15.41
2014-12-25   9.74 400.93   4.00 128.94  14.30
2014-12-26   5.77 362.23   2.83 131.70  14.33
2014-12-27   4.50 331.42   2.85 134.01  14.09
2014-12-28   3.09 389.26   0.72 117.01  14.45
2014-12-29   3.49 390.31   0.95 131.34  13.49
2014-12-30   4.35 438.10   1.86  99.02  13.97
2014-12-31   2.09 286.27   4.53  56.28  13.38
2015-01-01   1.53 335.91   1.86 119.13  12.81
2015-01-02   1.48 393.39   1.02 133.14  12.92
2015-01-03   3.54 466.90   1.02 129.74  12.79
2015-01-04   5.04 528.22   0.79 116.52  12.69
2015-01-05   6.87 573.16   0.84 132.61  11.56
2015-01-06   8.79 580.25   0.84 135.00  13.61
2015-01-07  11.32 679.08   1.03 134.22  13.35
2015-01-08  12.01 752.66   1.14 134.46  14.01
2015-01-09  11.06 775.51   1.08 134.94  13.24
2015-01-10  12.26 865.59   1.28 107.92  12.47
2015-01-11  12.41 1044.01   1.32  56.47  11.87
2015-01-12  10.60 1112.38   0.75 113.90  11.58
2015-01-13  10.67 917.33   1.44 120.11  12.44
2015-01-14  10.01 632.68   2.70 142.37  12.68
2015-01-15   8.48 620.90   0.83 146.65  13.71
2015-01-16   8.33 670.90   0.86 126.14  11.69
2015-01-17   9.29 673.49   0.79 131.28  13.04
2015-01-18  10.24 672.16   0.92 132.66  14.12
2015-01-19  10.47 710.64   0.84 116.90  12.88
2015-01-20   9.53 675.29   0.88  98.77  13.41
2015-01-21  11.94 555.83   2.70 147.02  13.06
2015-01-22   8.57 281.81   2.89 159.90  13.41
2015-01-23   7.69 353.57   1.10 152.44  11.75
2015-01-24  10.46 355.27   2.30 159.10  13.88
2015-01-25  11.63 443.06   1.75 157.98  13.62
2015-01-26  13.35 551.38   1.04 141.37  12.31
2015-01-27  13.10 859.68   1.30 112.54  12.09
2015-01-28  12.02 1017.90   1.02 125.41  12.72
2015-01-29  13.26 920.34   0.90  80.23  12.46
2015-01-30  11.91 1047.04   1.67  24.16  12.20
2015-01-31  11.13 1036.30   1.39 125.91  11.94
2015-02-01  11.04 746.26   1.27 166.68  12.86
2015-02-02  10.86 761.73   0.86 168.26  13.24
2015-02-03  12.27 826.49   0.87 165.74  11.82
2015-02-04  13.00 890.00   1.00 170.54  13.59
2015-02-05  13.92 914.28   1.14 175.40  10.59
2015-02-06  15.35 741.31   1.39 171.07  11.52
2015-02-07  17.47 594.73   3.14 175.45  14.88
2015-02-08  18.65 704.15   1.98 176.93  15.08
2015-02-09  19.21 768.82   2.62 182.07  15.59
2015-02-10  17.39 643.41   2.09 187.23  15.09
2015-02-11  15.36 406.40   2.86 191.82  14.21
2015-02-12  14.41 441.90   1.28 190.44  14.80
2015-02-13  15.21 513.57   0.86 192.16  14.79
2015-02-14  15.65 521.90   1.12 193.39  15.98
2015-02-15  16.21 558.19   1.16 196.24  14.89
2015-02-16  15.75 496.54   1.12 200.65  15.08
2015-02-17  13.58 374.25   1.78 202.58  14.79
2015-02-18  12.20 398.23   1.08 204.24  14.85
2015-02-19  14.25 463.55   1.00 197.40  14.36
2015-02-20  15.76 513.65   1.24 187.41  11.01
2015-02-21  15.45 486.38   1.40 208.02  15.18
2015-02-22  13.41 608.98   1.78  96.85  13.81
2015-02-23   6.31 729.90   2.46  91.17  11.69
2015-02-24   8.40 608.90   2.39 204.32  13.79
2015-02-25  10.20 631.46   1.10 219.78  14.50
2015-02-26  12.34 693.10   1.11 214.10  13.71
2015-02-27  12.23 696.46   1.11 214.23  12.44
2015-02-28  12.98 750.48   3.49 192.49  13.19
